  -7.3995064e-03  -2.7379805e-03
   8.1594017e-03   6.4302610e-03
  -2.2302108e-03   1.0314448e-04
   1.0337154e-02  -5.9252501e-03
   2.9096399e-03  -2.9912060e-03
   6.9866158e-03  -6.5667302e-04
  -2.5166045e-03  -3.7285893e-03
   1.1822237e-02  -2.7182471e-03
   2.2041092e-03  -1.5528628e-03
  -5.1459605e-03  -6.1284607e-03
   4.6187970e-01   1.7705798e-03
   4.5385486e-01   5.1367574e-03
   4.4663799e-01   9.6196114e-03
   4.4427937e-01   1.0969382e-02
   4.5751468e-01   3.7864101e-02
   4.5878964e-01   5.3526572e-02
   4.5105187e-01   6.2794748e-02
   4.4109349e-01   8.4877272e-02
   4.4181134e-01   9.7988318e-02
   4.4126287e-01   1.1384612e-01
   4.5311759e-01   1.4078880e-01
   4.4264423e-01   1.5098848e-01
   4.4634176e-01   1.7018274e-01
   4.5668582e-01   1.7824792e-01
   4.6211543e-01   2.0233698e-01
   4.4854385e-01   2.0607097e-01
   4.5770838e-01   2.1713128e-01
   4.4181485e-01   2.3083361e-01
   4.6066624e-01   2.3932018e-01
   4.3906313e-01   2.4798799e-01
   4.5810437e-01   2.5579773e-01
   4.5509561e-01   2.6605808e-01
   4.6205756e-01   2.7610575e-01
   4.4329640e-01   2.7710504e-01
   4.6057242e-01   2.8585048e-01
   4.4681937e-01   2.9080163e-01
   4.4160162e-01   2.9164028e-01
   4.5863120e-01   2.8942075e-01
   4.5115614e-01   2.9244171e-01
   4.4649207e-01   3.0225818e-01
   4.5194684e-01   3.0659427e-01
   4.4796327e-01   2.9787712e-01
   4.3885579e-01   3.0115438e-01
   4.5735483e-01   3.1198120e-01
   4.5990848e-01   3.0960012e-01
   4.5231549e-01   3.1051328e-01
   4.4968419e-01   3.1520290e-01
   4.6230053e-01   3.1908118e-01
   4.4323016e-01   3.1291243e-01
   4.5568812e-01   3.1098869e-01
   4.5724165e-01   3.1642655e-01
   4.6002330e-01   3.1089844e-01
   4.4955382e-01   3.2229902e-01
   4.3959752e-01   3.2045943e-01
   4.5786585e-01   3.1268206e-01
   4.3886869e-01   3.1487518e-01
   4.4198101e-01   3.2253398e-01
   4.5477937e-01   3.1392596e-01
   4.5387871e-01   3.2552154e-01
   4.5233348e-01   3.2312576e-01
   4.4845959e-01   3.1815105e-01
   4.5783262e-01   3.1906179e-01
   4.4746490e-01   3.1604183e-01
   4.4734938e-01   3.2456322e-01
   4.4432120e-01   3.1422606e-01
   4.6076619e-01   3.1655418e-01
   4.4401668e-01   3.1449367e-01
   4.4747613e-01   3.1475409e-01
   4.6018280e-01   3.2019330e-01
   4.5310066e-01   3.1507394e-01
   4.5939544e-01   3.1315027e-01
   4.4573177e-01   3.1358282e-01
   4.5180428e-01   3.1520656e-01
   4.6062051e-01   3.1338813e-01
   4.5763074e-01   3.2598461e-01
   4.4637368e-01   3.1750133e-01
   4.5031330e-01   3.1337782e-01
   4.4124116e-01   3.2723487e-01
   4.6188260e-01   3.1408166e-01
  -6.8433559e-01   3.1450595e-01
  -6.9552196e-01   3.2315634e-01
  -6.8615982e-01   3.3827482e-01
  -6.8591492e-01   3.8061728e-01
  -6.9869133e-01   4.2592832e-01
  -6.9479387e-01   4.7553174e-01
  -6.9336094e-01   5.3017356e-01
  -7.0130335e-01   5.7392115e-01
  -6.9549028e-01   6.2838410e-01
  -6.8979580e-01   6.8346381e-01
  -6.8397174e-01   7.4470510e-01
  -6.9860767e-01   7.8994050e-01
  -6.9749352e-01   8.4108690e-01
  -6.9126327e-01   8.7746222e-01
  -6.8632939e-01   9.3210523e-01
  -7.0105140e-01   9.6767113e-01
  -6.9775344e-01   1.0015630e+00
  -6.8994999e-01   1.0359445e+00
  -6.8965728e-01   1.0552170e+00
  -6.8751027e-01   1.0872720e+00
  -6.8369949e-01   1.1099255e+00
  -6.8992586e-01   1.1235918e+00
  -6.8230032e-01   1.1433447e+00
  -6.9096087e-01   1.1634608e+00
  -6.8611858e-01   1.1808473e+00
  -6.8992557e-01   1.1931211e+00
  -6.9285407e-01   1.2080985e+00
  -6.9773322e-01   1.2143518e+00
  -7.0026854e-01   1.2304402e+00
  -7.0135709e-01   1.2442816e+00
  -6.9615837e-01   1.2445242e+00
  -7.0047955e-01   1.2586963e+00
  -6.9527681e-01   1.2651928e+00
  -6.9551532e-01   1.2655061e+00
  -6.8443743e-01   1.2749957e+00
  -6.8735614e-01   1.2720717e+00
  -6.8981927e-01   1.2797340e+00
  -7.0050160e-01   1.2805165e+00
  -6.8977039e-01   1.2886948e+00
  -6.8641552e-01   1.2912171e+00
  -6.8453813e-01   1.2904331e+00
  -7.0045933e-01   1.2914560e+00
  -6.9047118e-01   1.2930085e+00
  -6.9810365e-01   1.2925958e+00
  -6.8103775e-01   1.2885868e+00
  -6.9364477e-01   1.2916945e+00
  -6.8144290e-01   1.3018501e+00
  -6.8195637e-01   1.2992558e+00
  -6.9292589e-01   1.2928338e+00
  -7.0144329e-01   1.2994194e+00
  -7.0254802e-01   1.2960108e+00
  -6.8548100e-01   1.3018665e+00
  -6.8650819e-01   1.3032560e+00
  -6.9623422e-01   1.3042064e+00
  -6.8957933e-01   1.2995779e+00
  -6.8129554e-01   1.3048543e+00
  -6.8650838e-01   1.3088941e+00
  -6.8625760e-01   1.2981297e+00
  -6.9720824e-01   1.3009653e+00
  -6.9199541e-01   1.3042654e+00
  -6.8040296e-01   1.3020766e+00
  -6.8147344e-01   1.3000537e+00
  -6.8942934e-01   1.3063679e+00
  -6.8028445e-01   1.3055468e+00
  -6.9915796e-01   1.3053388e+00
  -6.8296021e-01   1.3062394e+00
  -6.8196463e-01   1.3052818e+00
  -6.8173135e-01   1.3006398e+00
  -6.9335296e-01   1.2975825e+00
   4.1449962e-01   1.3084806e+00
   4.0813708e-01   1.3025381e+00
   3.9667919e-01   1.2829277e+00
   4.1264256e-01   1.2456281e+00
   4.0887486e-01   1.1959621e+00
   4.1401563e-01   1.1354717e+00
   4.0033873e-01   1.0713102e+00
   4.0088097e-01   1.0097715e+00
   3.9729276e-01   9.5291169e-01
   4.0563689e-01   8.9780276e-01
   4.0096500e-01   8.3798658e-01
   4.1362352e-01   7.8610188e-01
   4.1334603e-01   7.3041199e-01
   4.1419269e-01   6.7713259e-01
   4.0637560e-01   6.2677618e-01
   4.0771859e-01   5.8539649e-01
   4.0784431e-01   5.4723064e-01
   4.1086983e-01   5.1639155e-01
   4.0081941e-01   4.8129870e-01
   4.1321841e-01   4.5008861e-01
   4.0571820e-01   4.3626021e-01
   3.9947960e-01   4.0376269e-01
   3.9260654e-01   3.8551472e-01
   4.0248629e-01   3.7023548e-01
   4.0738516e-01   3.4632817e-01
   4.0069196e-01   3.2792577e-01
   4.1413368e-01   3.2287179e-01
   4.0040654e-01   3.1092710e-01
   4.0572520e-01   2.9186634e-01
   3.9586533e-01   2.9206493e-01
   3.9684254e-01   2.8206337e-01
   4.1524531e-01   2.7157418e-01
   3.9875677e-01   2.6314399e-01
   4.1312899e-01   2.5082677e-01
   4.0364702e-01   2.5440501e-01
   4.1212258e-01   2.4160042e-01
   4.0978040e-01   2.4388534e-01
   3.9591316e-01   2.4127401e-01
   3.9654282e-01   2.4251780e-01
   3.9231383e-01   2.3081391e-01
   4.1436755e-01   2.3412681e-01
   4.0041307e-01   2.3026060e-01
   4.1430837e-01   2.2515713e-01
   3.9800765e-01   2.2860139e-01
   4.0380012e-01   2.2280582e-01
   4.1310096e-01   2.2117280e-01
   4.0700682e-01   2.2522220e-01
   4.1157775e-01   2.1747801e-01
   3.9464669e-01   2.1304117e-01
   4.0210028e-01   2.2171841e-01
   3.9873956e-01   2.1689331e-01
   4.0769179e-01   2.1122859e-01
   4.0871593e-01   2.1490801e-01
   4.0879774e-01   2.1828063e-01
   3.9813507e-01   2.0970399e-01
   4.0550732e-01   2.1084473e-01
   4.0180414e-01   2.1154567e-01
   4.0888011e-01   2.0948721e-01
   4.1570389e-01   2.1064983e-01
   4.1387289e-01   2.0784130e-01
   4.1013204e-01   2.1474083e-01
   4.0326646e-01   2.0952674e-01
   4.0920996e-01   2.1793094e-01
   4.1492634e-01   2.0975288e-01
   3.9993927e-01   2.1067521e-01
   4.0604525e-01   2.0813756e-01
   3.9433378e-01   2.1102560e-01
   3.9335177e-01   2.0703378e-01
   4.0767443e-01   2.0765171e-01
  -6.1226456e-01   2.0945180e-01
  -6.1240532e-01   2.1540286e-01
  -5.9777715e-01   2.2754871e-01
  -6.0324316e-01   2.5580130e-01
  -6.1458809e-01   2.9128829e-01
  -6.1798418e-01   3.4023680e-01
  -6.2052516e-01   3.8985055e-01
  -6.1745172e-01   4.3562882e-01
  -6.1668091e-01   4.8174417e-01
  -5.9831244e-01   5.3439030e-01
  -6.0658762e-01   5.6962271e-01
  -6.0164681e-01   6.1928988e-01
  -6.1304763e-01   6.6389696e-01
  -6.1479835e-01   6.9868610e-01
  -6.1518689e-01   7.3013145e-01
  -5.9987295e-01   7.6986636e-01
  -5.9848368e-01   7.9624931e-01
  -6.0002525e-01   8.2764562e-01
  -6.0146311e-01   8.4805652e-01
  -5.9780514e-01   8.7021254e-01
  -6.2014274e-01   8.8911480e-01
  -6.0139443e-01   9.1294131e-01
  -6.1197734e-01   9.3045155e-01
  -6.0412998e-01   9.3788543e-01
  -5.9999520e-01   9.5184291e-01
  -6.0091908e-01   9.6138509e-01
  -6.0908653e-01   9.7433548e-01
  -6.1262177e-01   9.9328392e-01
  -6.0661110e-01   9.9302676e-01
  -5.9747438e-01   1.0022756e+00
  -6.1324562e-01   1.0073962e+00
  -6.0034828e-01   1.0199459e+00
  -6.1189067e-01   1.0174598e+00
  -6.1257724e-01   1.0268816e+00
  -6.0917289e-01   1.0229033e+00
  -6.1374633e-01   1.0352127e+00
  -5.9861473e-01   1.0409218e+00
  -5.9801930e-01   1.0342075e+00
  -6.1045321e-01   1.0376713e+00
  -6.1153798e-01   1.0391622e+00
  -6.0500151e-01   1.0488337e+00
  -6.1139683e-01   1.0506378e+00
  -6.1018641e-01   1.0536269e+00
  -6.1271646e-01   1.0509712e+00
  -6.1703408e-01   1.0461989e+00
  -6.1876518e-01   1.0483962e+00
  -6.0428454e-01   1.0526513e+00
  -6.1099825e-01   1.0602290e+00
  -5.9833285e-01   1.0569127e+00
  -6.0675242e-01   1.0505085e+00
  -6.1453289e-01   1.0563454e+00
  -6.0431549e-01   1.0565156e+00
  -6.1775460e-01   1.0563510e+00
  -6.0692935e-01   1.0617789e+00
  -5.9993979e-01   1.0610421e+00
  -5.9987874e-01   1.0552335e+00
  -6.0975426e-01   1.0579352e+00
  -6.2024570e-01   1.0617607e+00
  -6.0611869e-01   1.0570290e+00
  -6.0411323e-01   1.0618022e+00
  -6.0890344e-01   1.0528631e+00
  -6.2036501e-01   1.0644142e+00
  -6.1519564e-01   1.0617284e+00
  -6.1232632e-01   1.0616255e+00
  -6.1860876e-01   1.0543784e+00
  -6.1417327e-01   1.0537439e+00
  -6.0855059e-01   1.0617659e+00
  -6.2026457e-01   1.0655056e+00
  -5.9938621e-01   1.0598103e+00
  -4.1655734e-01   1.0527408e+00
  -4.2773959e-01   1.0611465e+00
  -4.2294477e-01   1.0546914e+00
  -4.2767339e-01   1.0277322e+00
  -4.2448762e-01   1.0186703e+00
  -4.1970330e-01   9.9420155e-01
  -4.1927984e-01   9.6718590e-01
  -4.2151963e-01   9.3245581e-01
  -4.0596011e-01   9.0506447e-01
  -4.2165568e-01   8.7566515e-01
  -4.2096286e-01   8.5658875e-01
  -4.0824434e-01   8.2778476e-01
  -4.1428883e-01   8.0879773e-01
  -4.2190886e-01   7.9069197e-01
  -4.1043432e-01   7.6960578e-01
  -4.2441719e-01   7.5624919e-01
  -4.0590764e-01   7.3035328e-01
  -4.1182793e-01   7.2132443e-01
  -4.1075977e-01   7.0471142e-01
  -4.2643158e-01   6.9602723e-01
  -4.1613302e-01   6.8840285e-01
  -4.1488185e-01   6.7636871e-01
  -4.2118474e-01   6.5579573e-01
  -4.1767757e-01   6.5954503e-01
  -4.2257287e-01   6.4905902e-01
  -4.0473928e-01   6.4628590e-01
  -4.1564955e-01   6.3903204e-01
  -4.0553529e-01   6.2467646e-01
  -4.0894260e-01   6.3041823e-01
  -4.2407643e-01   6.1899920e-01
  -4.2554412e-01   6.1420740e-01
  -4.2741084e-01   6.1116753e-01
  -4.2127352e-01   6.0769508e-01
  -4.1720400e-01   6.0577872e-01
  -4.1307642e-01   6.0481671e-01
  -4.0562243e-01   5.9904109e-01
  -4.1050430e-01   5.9625180e-01
  -4.1314088e-01   6.0629017e-01
  -4.2631439e-01   6.0068182e-01
  -4.1797671e-01   5.9927162e-01
  -4.2318007e-01   5.9423014e-01
  -4.1491262e-01   6.0031513e-01
  -4.2163792e-01   5.9720487e-01
  -4.0531508e-01   6.0020991e-01
  -4.0840753e-01   5.9321421e-01
  -4.0552994e-01   5.9681629e-01
  -4.1463767e-01   5.9808258e-01
  -4.1977046e-01   5.9779750e-01
  -4.0860705e-01   5.8984866e-01
  -4.2134979e-01   5.8643466e-01
  -4.1840067e-01   5.9312467e-01
  -4.0399304e-01   5.9265839e-01
  -4.0862045e-01   5.9227572e-01
  -4.1764253e-01   5.9637290e-01
  -4.0416239e-01   5.8536690e-01
  -4.2663373e-01   5.8340695e-01
  -4.2009486e-01   5.8599139e-01
  -4.1028511e-01   5.8305527e-01
  -4.1019944e-01   5.9347711e-01
  -4.2295071e-01   5.9220644e-01
  -4.1275556e-01   5.9273064e-01
  -4.1333887e-01   5.8895694e-01
  -4.0912164e-01   5.8418859e-01
  -4.2038172e-01   5.8352129e-01
  -4.2758514e-01   5.9130147e-01
  -4.0506113e-01   5.8876985e-01
  -4.1070461e-01   5.9058733e-01
  -4.0796293e-01   5.8938215e-01
  -4.0603388e-01   5.9216084e-01
   8.1762930e-01   5.8962385e-01
   8.0349157e-01   5.9232791e-01
   8.1995806e-01   6.1885196e-01
   8.0356743e-01   6.6703075e-01
   8.1510549e-01   7.4741804e-01
   8.1625791e-01   8.2525875e-01
   8.0055883e-01   9.0888451e-01
   8.1125850e-01   9.8906679e-01
   7.9846869e-01   1.0726295e+00
   8.1246470e-01   1.1578412e+00
   8.0827397e-01   1.2353163e+00
   8.0851095e-01   1.3207425e+00
   8.1316392e-01   1.3883933e+00
   8.2001670e-01   1.4657928e+00
   8.1257127e-01   1.5274108e+00
   8.0820153e-01   1.5882305e+00
   8.2060633e-01   1.6346521e+00
   8.0771384e-01   1.6848147e+00
   8.1474179e-01   1.7380959e+00
   8.2162841e-01   1.7677209e+00
   8.1102027e-01   1.8026317e+00
   8.1165326e-01   1.8369141e+00
   8.0115929e-01   1.8651081e+00
   8.0364039e-01   1.9056623e+00
   8.1561704e-01   1.9211908e+00
   8.1846768e-01   1.9489261e+00
   8.1520457e-01   1.9615036e+00
   8.1645960e-01   1.9791671e+00
   8.0482504e-01   1.9914793e+00
   8.2130420e-01   2.0027173e+00
   8.0129974e-01   2.0181262e+00
   8.0001265e-01   2.0373498e+00
   8.1175592e-01   2.0439936e+00
   8.0433031e-01   2.0458082e+00
   8.1144905e-01   2.0518654e+00
   8.0256557e-01   2.0708453e+00
   8.0193826e-01   2.0657880e+00
   8.2013793e-01   2.0695944e+00
   8.1057595e-01   2.0740393e+00
   8.1581044e-01   2.0870406e+00
   8.1003529e-01   2.0805551e+00
   8.0825389e-01   2.0844603e+00
   8.0113931e-01   2.0963579e+00
   8.0279545e-01   2.0905179e+00
   8.1706288e-01   2.0953353e+00
   8.0087484e-01   2.0984230e+00
   8.0912076e-01   2.0938144e+00
   8.0730534e-01   2.0957604e+00
   8.0564963e-01   2.1009209e+00
   8.0836305e-01   2.1101205e+00
   8.1658285e-01   2.1077351e+00
   8.1875938e-01   2.1064718e+00
   8.1833582e-01   2.1128115e+00
   8.0479374e-01   2.1042017e+00
   8.1864602e-01   2.1120955e+00
   8.1195044e-01   2.1027020e+00
   8.2149000e-01   2.1073855e+00
   8.1989709e-01   2.1150819e+00
   7.9875517e-01   2.1095073e+00
   8.0315303e-01   2.1098985e+00
   8.2151997e-01   2.1076486e+00
   8.1944024e-01   2.1159608e+00
   8.1571061e-01   2.1156754e+00
   8.1351045e-01   2.1152528e+00
   8.1233682e-01   2.1131152e+00
   8.1456330e-01   2.1118348e+00
   8.2123955e-01   2.1040275e+00
   8.2031629e-01   2.1143029e+00
   8.1174073e-01   2.1101392e+00
   3.4110245e-01   2.1051212e+00
   3.5342781e-01   2.1117824e+00
   3.3874184e-01   2.0758509e+00
   3.4903904e-01   1.9929452e+00
   3.3464324e-01   1.9084252e+00
   3.4486985e-01   1.8045647e+00
   3.4470090e-01   1.6933288e+00
   3.5024440e-01   1.5766043e+00
   3.3569822e-01   1.4749745e+00
   3.4173026e-01   1.3610526e+00
   3.4680235e-01   1.2502584e+00
   3.4675110e-01   1.1540692e+00
   3.5737635e-01   1.0594009e+00
   3.5000687e-01   9.5590477e-01
   3.5672367e-01   8.7306795e-01
   3.4879460e-01   8.0109696e-01
   3.3753280e-01   7.2470288e-01
   3.5373938e-01   6.6250473e-01
   3.3884496e-01   6.0463515e-01
   3.4847307e-01   5.5402490e-01
   3.4267859e-01   5.0381503e-01
   3.4144348e-01   4.6223364e-01
   3.4148389e-01   4.2022738e-01
   3.4373245e-01   3.8670588e-01
   3.5296353e-01   3.5901025e-01
   3.5508984e-01   3.3056252e-01
   3.5300742e-01   2.9642546e-01
   3.4101762e-01   2.8189045e-01
   3.5695404e-01   2.6234407e-01
   3.3576757e-01   2.4566005e-01
   3.3974310e-01   2.2399852e-01
   3.5160120e-01   2.0566936e-01
   3.4804304e-01   2.0320317e-01
   3.3955833e-01   1.8512333e-01
   3.3870467e-01   1.7554692e-01
   3.5588227e-01   1.6432598e-01
   3.3498516e-01   1.5766933e-01
   3.4903023e-01   1.5260973e-01
   3.4225545e-01   1.5362273e-01
   3.4514591e-01   1.4121031e-01
   3.5746754e-01   1.3845200e-01
   3.3746430e-01   1.3790072e-01
   3.5661354e-01   1.3160717e-01
   3.5406953e-01   1.2546398e-01
   3.3774164e-01   1.3191124e-01
   3.4129043e-01   1.2169832e-01
   3.4363266e-01   1.1490123e-01
   3.3464898e-01   1.1774471e-01
   3.4324788e-01   1.2399045e-01
   3.4551563e-01   1.2234118e-01
   3.4064609e-01   1.1166860e-01
   3.4801208e-01   1.1963329e-01
   3.4089471e-01   1.1132021e-01
   3.4911399e-01   1.0972995e-01
   3.5691137e-01   1.1494045e-01
   3.5489253e-01   1.1580550e-01
   3.3698013e-01   1.0825285e-01
   3.4359313e-01   1.1122243e-01
   3.5359094e-01   1.1514524e-01
   3.3843437e-01   1.0614630e-01
   3.4310639e-01   1.1457084e-01
   3.3438341e-01   1.0905623e-01
   3.3768102e-01   1.1309621e-01
   3.4095717e-01   1.1411918e-01
   3.5687973e-01   1.0127916e-01
   3.4551706e-01   1.0506594e-01
   3.5219510e-01   1.0711677e-01
   3.4444630e-01   1.0335577e-01
   3.3571734e-01   1.0745899e-01
   5.2746181e-01   1.1199419e-01
   5.2429377e-01   1.0958313e-01
   5.2066076e-01   1.1798991e-01
   5.1575656e-01   1.3643615e-01
   5.1959709e-01   1.4807009e-01
   5.1408567e-01   1.7906458e-01
   5.3024069e-01   1.9889867e-01
   5.3134409e-01   2.1482379e-01
   5.1336861e-01   2.4432755e-01
   5.3101998e-01   2.6307773e-01
   5.1382379e-01   2.8682908e-01
   5.2954212e-01   3.1455114e-01
   5.1727136e-01   3.3435557e-01
   5.1557953e-01   3.5604869e-01
   5.3336301e-01   3.7604590e-01
   5.2453536e-01   3.8303472e-01
   5.2425781e-01   4.0650934e-01
   5.2465068e-01   4.1134799e-01
   5.1994074e-01   4.2281567e-01
   5.1812810e-01   4.4176353e-01
   5.2372263e-01   4.4329564e-01
   5.2658931e-01   4.6370280e-01
   5.1093234e-01   4.6131440e-01
   5.2573101e-01   4.7744021e-01
   5.2650712e-01   4.7518327e-01
   5.2562332e-01   4.8737716e-01
   5.1209225e-01   4.9717576e-01
   5.1311055e-01   4.9918318e-01
   5.2588728e-01   5.0541624e-01
   5.2044500e-01   5.0317338e-01
   5.1742309e-01   5.0426130e-01
   5.3379785e-01   5.0806395e-01
   5.1234723e-01   5.0896117e-01
   5.2381560e-01   5.1199655e-01
   5.1992072e-01   5.2353881e-01
   5.1713873e-01   5.2713833e-01
   5.1224226e-01   5.1973144e-01
   5.1717428e-01   5.2773111e-01
   5.2840159e-01   5.2805885e-01
   5.1770797e-01   5.2149146e-01
   5.2993271e-01   5.2668049e-01
   5.3009891e-01   5.3145656e-01
   5.1175829e-01   5.2761568e-01
   5.1773904e-01   5.2334180e-01
   5.2736637e-01   5.3679086e-01
   5.2426987e-01   5.3216646e-01
   5.2041381e-01   5.3666635e-01
   5.1266482e-01   5.3593074e-01
   5.2299504e-01   5.3524036e-01
   5.2117470e-01   5.2893327e-01
   5.1636010e-01   5.2915566e-01
   5.1714934e-01   5.3002291e-01
   5.2343540e-01   5.3484618e-01
   5.1644005e-01   5.3009689e-01
   5.1160995e-01   5.3707518e-01
   5.3208519e-01   5.3770731e-01
   5.1707497e-01   5.3342409e-01
   5.2446838e-01   5.3166080e-01
   5.3388160e-01   5.3930021e-01
   5.2823702e-01   5.3232336e-01
   5.2796465e-01   5.3577083e-01
   5.2235442e-01   5.2986007e-01
   5.2074479e-01   5.3783976e-01
   5.3188184e-01   5.3569816e-01
   5.3310871e-01   5.4036469e-01
   5.3057911e-01   5.3810971e-01
   5.1493418e-01   5.3314860e-01
   5.2953729e-01   5.3720335e-01
   5.1590304e-01   5.3605440e-01
   7.0201800e-02   5.3789657e-01
   6.3087248e-02   5.2935785e-01
   8.0121842e-02   5.2643393e-01
   7.3447658e-02   4.9721129e-01
   6.9609481e-02   4.7237873e-01
   7.4603154e-02   4.4506410e-01
   6.2754153e-02   4.1516704e-01
   6.3902588e-02   3.8846848e-01
   7.3747541e-02   3.5332940e-01
   8.0193101e-02   3.1797275e-01
   6.0669038e-02   2.8507637e-01
   7.9186874e-02   2.6447766e-01
   6.1881855e-02   2.3191612e-01
   7.0634323e-02   2.0884628e-01
   6.5313751e-02   1.8379634e-01
   7.3685231e-02   1.6111565e-01
   6.7026082e-02   1.3719310e-01
   6.2627184e-02   1.2208966e-01
   6.9410783e-02   1.1324069e-01
   6.9507298e-02   8.6197760e-02
   7.1461035e-02   7.7567625e-02
   7.9374725e-02   6.1960384e-02
   7.0446661e-02   5.4577582e-02
   7.5131775e-02   4.3130508e-02
   6.1596191e-02   4.0738073e-02
   7.9996675e-02   2.1598837e-02
   6.7065345e-02   1.5811646e-02
   7.4077123e-02   1.0751007e-02
   7.0660442e-02   4.1608516e-03
   8.4204778e-02   2.8901276e-03
   8.1057082e-02  -5.3442306e-03
   6.2693139e-02  -5.5573950e-03
   7.0852961e-02  -4.4959535e-03
   7.3624582e-02  -1.5792499e-02
   6.1336723e-02  -1.1380607e-02
   8.0662607e-02  -2.0640997e-02
   8.2227056e-02  -2.4720585e-02
   7.3182875e-02  -1.8166190e-02
   8.3014469e-02  -2.8137701e-02
   6.1032211e-02  -1.9069482e-02
   8.3881319e-02  -2.6154440e-02
   7.2813506e-02  -2.4814610e-02
   7.5544841e-02  -3.4440768e-02
   6.2337410e-02  -2.7270923e-02
   6.6672116e-02  -3.3634633e-02
   7.7287655e-02  -2.9956188e-02
   7.7006133e-02  -2.9722766e-02
   7.7562214e-02  -3.4497554e-02
   7.6533173e-02  -2.7119289e-02
   6.4446312e-02  -2.8717685e-02
   8.2574361e-02  -3.1174386e-02
   6.3148324e-02  -3.6587152e-02
   8.2946402e-02  -3.8820938e-02
   7.7365395e-02  -3.3389620e-02
   6.9113516e-02  -4.1061211e-02
   7.4338842e-02  -2.9749918e-02
   7.7880268e-02  -3.1299392e-02
   6.3327678e-02  -4.0863228e-02
   7.8243993e-02  -3.5199700e-02
   6.7273788e-02  -2.8466570e-02
   7.7190411e-02  -3.6202166e-02
   8.1392723e-02  -4.1235986e-02
   8.2701037e-02  -3.3960351e-02
   6.2057791e-02  -3.2266207e-02
   8.1731733e-02  -2.9366518e-02
   6.7108175e-02  -3.0492293e-02
   7.9333633e-02  -3.1128556e-02
   6.3071408e-02  -4.0137948e-02
   7.3810063e-02  -3.8128219e-02
   4.8024520e-01  -3.8954069e-02
   4.8037884e-01  -4.1956867e-02
   4.9523534e-01  -2.9087858e-02
   4.9309834e-01  -4.2479620e-03
   4.8034777e-01   1.2784099e-02
   4.9449405e-01   3.7504480e-02
   4.9097056e-01   6.3936080e-02
   4.8649886e-01   7.7066084e-02
   4.8057899e-01   1.0857409e-01
   4.9147361e-01   1.3098136e-01
   4.7934067e-01   1.5854257e-01
   4.8692989e-01   1.8077494e-01
   4.7414323e-01   2.0038339e-01
   4.7415317e-01   2.2601356e-01
   4.9424472e-01   2.4644065e-01
   4.9246420e-01   2.5840056e-01
   4.7771344e-01   2.6878968e-01
   4.9254730e-01   2.9056461e-01
   4.8896499e-01   3.0702668e-01
   4.8102860e-01   3.1837719e-01
   4.9546743e-01   3.2900754e-01
   4.7818212e-01   3.3793506e-01
   4.7726089e-01   3.4558432e-01
   4.8588053e-01   3.4725278e-01
   4.7764843e-01   3.5270313e-01
   4.8486369e-01   3.6633975e-01
   4.7416766e-01   3.7620377e-01
   4.7273463e-01   3.7764705e-01
   4.7323888e-01   3.8596789e-01
   4.8535574e-01   3.8165950e-01
   4.7479711e-01   3.8965091e-01
   4.8500243e-01   3.8730376e-01
   4.9299150e-01   3.9416333e-01
   4.8742881e-01   3.9179663e-01
   4.7485362e-01   3.9911825e-01
   4.7851111e-01   3.9829936e-01
   4.9539866e-01   4.0517689e-01
   4.9373585e-01   3.9823381e-01
   4.7923517e-01   4.0175924e-01
   4.7869406e-01   4.0727144e-01
   4.8336755e-01   4.0522528e-01
   4.7612765e-01   4.0219344e-01
   4.7924030e-01   4.0167305e-01
   4.8955120e-01   4.0418006e-01
   4.9565682e-01   4.0968286e-01
   4.9451808e-01   4.1181223e-01
   4.7668731e-01   4.1105158e-01
   4.8235110e-01   4.0637474e-01
   4.9461066e-01   4.1551499e-01
   4.8682886e-01   4.0665580e-01
   4.7246463e-01   4.0485269e-01
   4.7629643e-01   4.1013831e-01
   4.9640206e-01   4.1082529e-01
   4.8092930e-01   4.0807247e-01
   4.9616385e-01   4.1663416e-01
   4.9404492e-01   4.1621573e-01
   4.7686186e-01   4.0691012e-01
   4.9126122e-01   4.0663688e-01
   4.9117705e-01   4.1099965e-01
   4.8555562e-01   4.1241781e-01
   4.8409853e-01   4.1243035e-01
   4.7738885e-01   4.0996039e-01
   4.9463886e-01   4.1034461e-01
   4.9061518e-01   4.0897372e-01
   4.8251933e-01   4.1752741e-01
   4.8782250e-01   4.1768655e-01
   4.7921827e-01   4.0789458e-01
   4.8412712e-01   4.1949018e-01
   4.8693913e-01   4.0975973e-01
  -8.0028205e-01   4.1835130e-01
  -7.8697792e-01   4.1711397e-01
  -7.9548090e-01   4.3737939e-01
  -7.8596085e-01   4.7544454e-01
  -7.9724699e-01   5.4052613e-01
  -7.9586253e-01   5.9833358e-01
  -8.0402464e-01   6.7188683e-01
  -7.9094443e-01   7.4123119e-01
  -7.9219355e-01   8.1734736e-01
  -8.0356771e-01   8.8427269e-01
  -7.9230739e-01   9.5100767e-01
  -7.8994957e-01   1.0126382e+00
  -7.9309885e-01   1.0735392e+00
  -7.9777214e-01   1.1309156e+00
  -7.8986858e-01   1.1758529e+00
  -7.8928140e-01   1.2242371e+00
  -7.9724844e-01   1.2656996e+00
  -7.8648931e-01   1.3122354e+00
  -7.9623071e-01   1.3477047e+00
  -7.8884201e-01   1.3826513e+00
  -7.9698080e-01   1.4053966e+00
  -8.0331418e-01   1.4371673e+00
  -7.9958310e-01   1.4633644e+00
  -7.9651497e-01   1.4807042e+00
  -7.9462511e-01   1.4954834e+00
  -7.9572647e-01   1.5212711e+00
  -7.8562836e-01   1.5342997e+00
  -8.0441707e-01   1.5547456e+00
  -7.9589150e-01   1.5574150e+00
  -7.9010272e-01   1.5737927e+00
  -7.9570785e-01   1.5866062e+00
  -7.9092246e-01   1.5900891e+00
  -7.9320895e-01   1.5966118e+00
  -7.9000513e-01   1.5996055e+00
  -7.9011432e-01   1.6051630e+00
  -8.0450570e-01   1.6216612e+00
  -7.8869545e-01   1.6241153e+00
  -7.8842780e-01   1.6202657e+00
  -8.0382862e-01   1.6334111e+00
  -7.8678050e-01   1.6279935e+00
  -8.0269187e-01   1.6364677e+00
  -7.8331122e-01   1.6324608e+00
  -7.9576398e-01   1.6348459e+00
  -7.8810125e-01   1.6346121e+00
  -7.9785749e-01   1.6423072e+00
  -8.0427325e-01   1.6378735e+00
  -7.9991603e-01   1.6509236e+00
  -7.8574010e-01   1.6501148e+00
  -7.8831295e-01   1.6462328e+00
  -7.8758384e-01   1.6439223e+00
  -7.9058187e-01   1.6453579e+00
  -7.8526306e-01   1.6541278e+00
  -7.9602507e-01   1.6479011e+00
  -7.9468529e-01   1.6469929e+00
  -7.9154918e-01   1.6461400e+00
  -7.9445722e-01   1.6460687e+00
  -7.8169998e-01   1.6471392e+00
  -7.8838050e-01   1.6486991e+00
  -8.0318541e-01   1.6504129e+00
  -8.0227639e-01   1.6487526e+00
  -7.9586615e-01   1.6592581e+00
  -7.9280575e-01   1.6518399e+00
  -7.9491574e-01   1.6580293e+00
  -8.0374663e-01   1.6489989e+00
  -7.9844093e-01   1.6481169e+00
  -7.9371479e-01   1.6573574e+00
  -7.9196114e-01   1.6523826e+00
  -7.8929499e-01   1.6613157e+00
  -8.0419967e-01   1.6580953e+00
   3.3288322e-01   1.6578685e+00
   3.2679712e-01   1.6493653e+00
   3.1785550e-01   1.6277575e+00
   3.3664583e-01   1.5672165e+00
   3.3375279e-01   1.5017795e+00
   3.1849466e-01   1.4174509e+00
   3.1942849e-01   1.3310812e+00
   3.1803333e-01   1.2435379e+00
   3.3719905e-01   1.1526736e+00
   3.2499374e-01   1.0612496e+00
   3.3459515e-01   9.8528093e-01
   3.2556639e-01   9.0034810e-01
   3.3533261e-01   8.2593933e-01
   3.2928513e-01   7.5416933e-01
   3.2958521e-01   6.8279819e-01
   3.3259970e-01   6.2400144e-01
   3.3907048e-01   5.7560194e-01
   3.3317794e-01   5.1643937e-01
   3.2173456e-01   4.8006251e-01
   3.1794844e-01   4.3054036e-01
   3.2592523e-01   3.8871743e-01
   3.3379968e-01   3.6569658e-01
   3.3622738e-01   3.2915345e-01
   3.3644405e-01   3.0212920e-01
   3.1733418e-01   2.7911976e-01
   3.2905238e-01   2.5539395e-01
   3.3595534e-01   2.3791985e-01
   3.2241404e-01   2.1560697e-01
   3.1809090e-01   1.9824260e-01
   3.1639500e-01   1.8314480e-01
   3.2061797e-01   1.7438037e-01
   3.1770257e-01   1.5868247e-01
   3.2468739e-01   1.5645347e-01
   3.3073005e-01   1.4089612e-01
   3.2024641e-01   1.3103020e-01
   3.2344184e-01   1.2347391e-01
   3.3279619e-01   1.2030374e-01
   3.3060564e-01   1.1298890e-01
   3.3741328e-01   1.2002994e-01
   3.2944497e-01   1.0699677e-01
   3.2331718e-01   1.0278894e-01
   3.2764524e-01   1.0364824e-01
   3.2151092e-01   1.0384247e-01
   3.3557376e-01   9.8329935e-02
   3.2497639e-01   9.7374292e-02
   3.2836017e-01   9.2691921e-02
   3.3584946e-01   9.7776405e-02
   3.1696582e-01   9.2768757e-02
   3.3132315e-01   9.3414856e-02
   3.2910899e-01   8.7162037e-02
   3.3282608e-01   8.8965159e-02
   3.3994084e-01   8.0441933e-02
   3.1801280e-01   9.1307197e-02
   3.2365677e-01   7.9260324e-02
   3.2643727e-01   8.8037009e-02
   3.1802748e-01   8.2989380e-02
   3.2743777e-01   8.5837941e-02
   3.1937686e-01   8.3313123e-02
   3.3321112e-01   8.1776704e-02
   3.2866421e-01   7.8195397e-02
   3.2264405e-01   8.1780219e-02
   3.3086487e-01   8.9446394e-02
   3.2906415e-01   8.7174656e-02
   3.3849544e-01   7.8200121e-02
   3.2275255e-01   8.9240405e-02
   3.1909731e-01   8.2451463e-02
   3.3835307e-01   7.6792949e-02
   3.1825070e-01   8.0465232e-02
   3.3639336e-01   8.7029778e-02
   9.3610091e-01   8.8648600e-02
   9.3610348e-01   7.8394061e-02
   9.3479415e-01   1.5344911e-01
   9.4279040e-01   2.6063780e-01
   9.4676186e-01   4.0216908e-01
   9.5110508e-01   5.7145940e-01
   9.3837165e-01   7.4387070e-01
   9.4909414e-01   9.3381169e-01
   9.3439516e-01   1.1129811e+00
   9.3187848e-01   1.2975007e+00
   9.4699082e-01   1.4672130e+00
   9.4203701e-01   1.6400763e+00
   9.4798593e-01   1.7844103e+00
   9.4497083e-01   1.9373977e+00
   9.3164313e-01   2.0698043e+00
   9.5116749e-01   2.1924980e+00
   9.3685062e-01   2.3091856e+00
   9.3433335e-01   2.4193513e+00
   9.3685719e-01   2.5111997e+00
   9.5008170e-01   2.6015381e+00
   9.3187054e-01   2.6736438e+00
   9.3146602e-01   2.7503071e+00
   9.3336899e-01   2.8045922e+00
   9.4336168e-01   2.8670532e+00
   9.4350259e-01   2.9129263e+00
   9.3249833e-01   2.9611142e+00
   9.2824803e-01   2.9966084e+00
   9.5120388e-01   3.0386210e+00
   9.2989980e-01   3.0682317e+00
   9.3189850e-01   3.1042222e+00
   9.2990447e-01   3.1227741e+00
   9.3907623e-01   3.1544339e+00
   9.4919833e-01   3.1732062e+00
   9.3586068e-01   3.1811274e+00
   9.4016423e-01   3.1970493e+00
   9.4392406e-01   3.2203831e+00
   9.4213355e-01   3.2312281e+00
   9.3193216e-01   3.2363121e+00
   9.4543470e-01   3.2478775e+00
   9.3313257e-01   3.2566816e+00
   9.4232984e-01   3.2658675e+00
   9.5043085e-01   3.2643698e+00
   9.4117346e-01   3.2788043e+00
   9.3462943e-01   3.2801518e+00
   9.3147525e-01   3.2855303e+00
   9.3163111e-01   3.2847149e+00
   9.3627763e-01   3.2953053e+00
   9.4779096e-01   3.2918795e+00
   9.3924261e-01   3.3027799e+00
   9.5058088e-01   3.3065148e+00
   9.4295918e-01   3.3003342e+00
   9.4196859e-01   3.3023918e+00
   9.4880292e-01   3.3007112e+00
   9.4541831e-01   3.3098434e+00
   9.2953458e-01   3.3072284e+00
   9.5002173e-01   3.3047087e+00
   9.4249462e-01   3.3142135e+00
   9.4804216e-01   3.3047253e+00
   9.4323592e-01   3.3057997e+00
   9.3463468e-01   3.3111261e+00
   9.3057028e-01   3.3104340e+00
   9.4181531e-01   3.3159829e+00
   9.2807107e-01   3.3128438e+00
   9.3230607e-01   3.3107623e+00
   9.4105638e-01   3.3088141e+00
   9.3730702e-01   3.3111058e+00
   9.3615484e-01   3.3213262e+00
   9.3910458e-01   3.3168773e+00
   9.4925829e-01   3.3107876e+00
   3.6699313e-01   3.3082784e+00
   3.7817278e-01   3.3082632e+00
   3.6899307e-01   3.2508149e+00
   3.6830863e-01   3.1463796e+00
   3.7232328e-01   2.9980431e+00
   3.7404774e-01   2.8340500e+00
   3.7299148e-01   2.6556083e+00
   3.6585545e-01   2.4825335e+00
   3.6746038e-01   2.3037200e+00
   3.8265492e-01   2.1245869e+00
   3.8129412e-01   1.9625641e+00
   3.6707655e-01   1.7990276e+00
   3.6516743e-01   1.6452656e+00
   3.7279796e-01   1.5081941e+00
   3.6343126e-01   1.3710890e+00
   3.8109977e-01   1.2499135e+00
   3.7220312e-01   1.1304405e+00
   3.6730836e-01   1.0271070e+00
   3.6586495e-01   9.4428917e-01
   3.7531944e-01   8.5288415e-01
   3.8278107e-01   7.8511086e-01
   3.8367110e-01   7.1266200e-01
   3.7811576e-01   6.4486927e-01
   3.7547389e-01   5.8894046e-01
   3.8087709e-01   5.4576944e-01
   3.7361204e-01   4.9813102e-01
   3.6648255e-01   4.5782084e-01
   3.7283415e-01   4.2941368e-01
   3.7246273e-01   3.9545117e-01
   3.7077590e-01   3.6181477e-01
   3.6485483e-01   3.3637097e-01
   3.7950107e-01   3.1744041e-01
   3.6169172e-01   2.9241992e-01
   3.7876921e-01   2.7940720e-01
   3.6306573e-01   2.6494804e-01
   3.6119246e-01   2.4484329e-01
   3.7327515e-01   2.4211683e-01
   3.6044043e-01   2.2895925e-01
   3.8226706e-01   2.2390194e-01
   3.8408581e-01   2.1329449e-01
   3.7434049e-01   2.0517826e-01
   3.6178064e-01   1.9048675e-01
   3.7522131e-01   1.8373894e-01
   3.8416633e-01   1.9073037e-01
   3.7229220e-01   1.8752367e-01
   3.6646483e-01   1.7768288e-01
   3.8169405e-01   1.8030399e-01
   3.7301977e-01   1.6668742e-01
   3.6671841e-01   1.6866796e-01
   3.8404655e-01   1.6481098e-01
   3.8415580e-01   1.6708060e-01
   3.6316517e-01   1.6319889e-01
   3.6953477e-01   1.6662436e-01
   3.7383707e-01   1.5496655e-01
   3.6056857e-01   1.5995326e-01
   3.8172851e-01   1.5888726e-01
   3.8211370e-01   1.5563009e-01
   3.6780438e-01   1.6273665e-01
   3.8151191e-01   1.5494418e-01
   3.8040635e-01   1.5484642e-01
   3.6064091e-01   1.5099942e-01
   3.7138569e-01   1.5645002e-01
   3.8165600e-01   1.5886270e-01
   3.6421197e-01   1.6005505e-01
   3.6741209e-01   1.5498374e-01
   3.7600417e-01   1.5235986e-01
   3.8268697e-01   1.5541205e-01
   3.7563657e-01   1.5178069e-01
   3.7465444e-01   1.4856133e-01
  -7.2349281e-01   1.4979876e-01
  -7.2785659e-01   1.5486057e-01
  -7.2492921e-01   1.7314022e-01
  -7.1012593e-01   2.2609666e-01
  -7.0789925e-01   2.8353455e-01
  -7.2182622e-01   3.3540834e-01
  -7.2295379e-01   4.1528581e-01
  -7.2439048e-01   4.8320002e-01
  -7.2811488e-01   5.5138620e-01
  -7.2181755e-01   6.1236121e-01
  -7.2554317e-01   6.8572896e-01
  -7.2561363e-01   7.5170585e-01
  -7.1743965e-01   8.0813380e-01
  -7.1953146e-01   8.6309234e-01
  -7.1478295e-01   9.1337820e-01
  -7.1934545e-01   9.6146584e-01
  -7.0971295e-01   1.0095810e+00
  -7.2188987e-01   1.0442127e+00
  -7.2932226e-01   1.0891919e+00
  -7.2189385e-01   1.1232155e+00
  -7.0707032e-01   1.1525820e+00
  -7.1077005e-01   1.1694424e+00
  -7.1855865e-01   1.2036750e+00
  -7.1113158e-01   1.2207545e+00
  -7.2018830e-01   1.2365373e+00
  -7.2248129e-01   1.2630914e+00
  -7.1132278e-01   1.2729667e+00
  -7.2282890e-01   1.2923782e+00
  -7.2402964e-01   1.2964725e+00
  -7.0705600e-01   1.3145596e+00
  -7.0723759e-01   1.3137657e+00
  -7.3029870e-01   1.3237134e+00
  -7.2506473e-01   1.3366574e+00
  -7.2483503e-01   1.3383487e+00
  -7.2158165e-01   1.3522234e+00
  -7.2002816e-01   1.3502132e+00
  -7.0954395e-01   1.3591624e+00
  -7.2871935e-01   1.3683344e+00
  -7.2718667e-01   1.3681471e+00
  -7.2228466e-01   1.3665425e+00
  -7.1335920e-01   1.3695010e+00
  -7.2224661e-01   1.3805024e+00
  -7.2803330e-01   1.3743789e+00
  -7.3027424e-01   1.3779744e+00
  -7.2635391e-01   1.3828392e+00
  -7.1948138e-01   1.3794766e+00
  -7.2337698e-01   1.3786153e+00
  -7.1144686e-01   1.3872583e+00
  -7.1352569e-01   1.3841791e+00
  -7.2883507e-01   1.3918441e+00
  -7.2699827e-01   1.3816909e+00
  -7.2657700e-01   1.3882902e+00
  -7.1548595e-01   1.3922399e+00
  -7.0794621e-01   1.3857679e+00
  -7.2582105e-01   1.3955686e+00
  -7.1435281e-01   1.3903516e+00
  -7.1622212e-01   1.3977970e+00
  -7.1299066e-01   1.3984232e+00
  -7.2510816e-01   1.3975992e+00
  -7.2578027e-01   1.3917778e+00
  -7.2920269e-01   1.3985481e+00
  -7.1535547e-01   1.3945542e+00
  -7.1511499e-01   1.3949655e+00
  -7.1271134e-01   1.3994062e+00
  -7.1719257e-01   1.3916039e+00
  -7.1961231e-01   1.3912176e+00
  -7.1938571e-01   1.3932811e+00
  -7.1175623e-01   1.3970862e+00
  -7.1740394e-01   1.3929773e+00
   2.4758448e-02   1.3945582e+00
   1.1323924e-02   1.3980574e+00
   1.4256817e-02   1.3610145e+00
   1.0069321e-02   1.3178710e+00
   2.2683588e-02   1.2539389e+00
   1.9906989e-02   1.1812373e+00
   1.0736715e-02   1.1040250e+00
   2.1766790e-02   1.0210264e+00
   1.2757880e-02   9.4427380e-01
   2.4258068e-02   8.6260525e-01
   2.3757678e-02   7.9024666e-01
   1.4314173e-02   7.1418352e-01
   2.0503044e-02   6.5544223e-01
   1.3598891e-02   5.8805795e-01
   2.1744621e-02   5.3596398e-01
   2.2635862e-02   4.7064561e-01
   2.0967267e-02   4.2512806e-01
   1.3753918e-02   3.8635929e-01
   1.8610944e-03   3.4812993e-01
   2.4416259e-02   3.0181640e-01
   2.0461650e-02   2.7167609e-01
   1.7284683e-02   2.4013887e-01
   2.2718215e-02   2.1388131e-01
   1.8607748e-02   1.9131682e-01
   2.4467170e-02   1.6437777e-01
   1.3414901e-02   1.5152926e-01
   2.4299459e-02   1.2540040e-01
   5.0828705e-03   1.0865761e-01
   2.0782353e-02   9.1857501e-02
   2.2841101e-02   8.2706205e-02
   2.1040386e-02   6.9303483e-02
   1.7617767e-02   6.8055397e-02
   1.0569552e-02   4.8684295e-02
   1.6148294e-02   4.4202366e-02
   4.1608815e-03   4.2494771e-02
   2.1138389e-02   2.8856922e-02
   2.4694031e-02   3.0955029e-02
   7.4222666e-03   1.9788485e-02
   1.2889956e-02   2.0478939e-02
   1.2438410e-02   1.7922994e-02
   2.8132987e-03   1.6303887e-02
   2.5206539e-02   5.1887185e-03
   1.2379958e-02   4.7357625e-03
   1.4231457e-02   1.1489296e-02
   1.5933479e-02   6.4120284e-03
   1.0535446e-02  -1.1334314e-03
   2.3080923e-02   3.1370780e-03
   2.5569787e-02  -3.6004517e-03
   1.1978274e-02  -7.7835661e-03
   1.3086046e-02  -2.9164241e-03
   2.0145726e-02   7.8447770e-04
   3.4761809e-03   1.1445125e-03
   1.8139305e-02   2.8593738e-03
   2.0862110e-02   9.7787260e-04
   1.9002143e-02  -9.8251985e-04
   2.5092860e-03   1.1523804e-03
   1.8726226e-02  -1.1679268e-02
   2.5113835e-02  -4.1153593e-03
   2.2344992e-03  -9.6626192e-03
   1.4446183e-02  -6.2232931e-03
   2.4099504e-02  -7.8690529e-03
   1.9089293e-02  -4.7666778e-03
   1.6879974e-02  -6.9279557e-03
   5.3486486e-03  -5.7983236e-03
   1.0606352e-02  -1.3145839e-02
   1.0267552e-02  -1.3565294e-02
   2.0285167e-02  -4.7029746e-03
   1.7937624e-03  -1.1552106e-02
   2.8711703e-03  -5.1915112e-03
   9.0455656e-01  -5.4568541e-03
   8.9574913e-01  -7.9232535e-03
   8.9301866e-01   5.2860259e-02
   8.8915154e-01   1.5540367e-01
   8.9665704e-01   2.7660592e-01
   9.0005271e-01   4.3133628e-01
   8.9519881e-01   5.8874914e-01
   8.9882830e-01   7.5156207e-01
   8.9307590e-01   9.0702765e-01
   8.8677724e-01   1.0750265e+00
   8.9420683e-01   1.2338331e+00
   9.0203181e-01   1.3673756e+00
   9.0520540e-01   1.5102793e+00
   8.9626155e-01   1.6394867e+00
   9.0204858e-01   1.7661310e+00
   8.8499723e-01   1.8688713e+00
   9.0026939e-01   1.9798610e+00
   9.0310945e-01   2.0696269e+00
   8.8545100e-01   2.1539676e+00
   8.9239206e-01   2.2276080e+00
   8.9288574e-01   2.3043691e+00
   8.8595054e-01   2.3576743e+00
   8.9817249e-01   2.4140287e+00
   8.9951802e-01   2.4663397e+00
   8.8490420e-01   2.5200077e+00
   8.9204409e-01   2.5602200e+00
   8.9233108e-01   2.5992425e+00
   8.8961492e-01   2.6236752e+00
   8.9888815e-01   2.6478696e+00
   8.9879577e-01   2.6810268e+00
   9.0482568e-01   2.7075621e+00
   8.9543466e-01   2.7290294e+00
   9.0022589e-01   2.7423281e+00
   9.0536025e-01   2.7627028e+00
   8.9719848e-01   2.7733567e+00
   8.8637335e-01   2.7776986e+00
   8.8527884e-01   2.7989930e+00
   8.9941557e-01   2.8071786e+00
   8.9895350e-01   2.8052226e+00
   9.0600335e-01   2.8234697e+00
   8.9089567e-01   2.8294734e+00
   8.9555078e-01   2.8301209e+00
   8.9588708e-01   2.8409007e+00
   8.8746447e-01   2.8335857e+00
   8.8480181e-01   2.8501932e+00
   8.9770362e-01   2.8476914e+00
   9.0444120e-01   2.8574711e+00
   9.0660114e-01   2.8573063e+00
   8.9882957e-01   2.8580633e+00
   8.9495894e-01   2.8530929e+00
   8.9465440e-01   2.8601363e+00
   9.0778762e-01   2.8540473e+00
   8.8476024e-01   2.8558442e+00
   8.8874657e-01   2.8668029e+00
   9.0326625e-01   2.8643485e+00
   8.9361235e-01   2.8599036e+00
   8.9472670e-01   2.8692548e+00
   8.9947577e-01   2.8622983e+00
   8.9729302e-01   2.8608003e+00
   8.9091051e-01   2.8629387e+00
   9.0705716e-01   2.8616174e+00
   9.0059127e-01   2.8706378e+00
   8.8847736e-01   2.8625966e+00
   9.0673793e-01   2.8689281e+00
   8.9271357e-01   2.8679746e+00
   8.8838589e-01   2.8742048e+00
   9.0194963e-01   2.8685171e+00
   8.9025811e-01   2.8718480e+00
   9.0246801e-01   2.8729892e+00
   2.3897602e-01   2.8696285e+00
   2.4023474e-01   2.8706196e+00
   2.4155673e-01   2.8157645e+00
   2.2731844e-01   2.7148168e+00
   2.3437430e-01   2.5839200e+00
   2.2244219e-01   2.4301076e+00
   2.3779409e-01   2.2799117e+00
   2.4302581e-01   2.1065035e+00
   2.2889552e-01   1.9474064e+00
   2.4056236e-01   1.7836603e+00
   2.4238060e-01   1.6353945e+00
   2.3965512e-01   1.4885620e+00
   2.3134596e-01   1.3540183e+00
   2.2992683e-01   1.2144569e+00
   2.4499698e-01   1.0979174e+00
   2.3947750e-01   9.8045250e-01
   2.2475483e-01   8.8767077e-01
   2.3406957e-01   7.9509461e-01
   2.4500254e-01   7.1189216e-01
   2.2880976e-01   6.3222652e-01
   2.2692560e-01   5.5794983e-01
   2.2212833e-01   4.9581584e-01
   2.3549171e-01   4.4403089e-01
   2.4286136e-01   3.9112677e-01
   2.4182404e-01   3.4573167e-01
   2.3286185e-01   2.9546140e-01
   2.3919163e-01   2.6009109e-01
   2.2199192e-01   2.3212596e-01
   2.3777878e-01   2.0329213e-01
   2.2940577e-01   1.8135939e-01
   2.3519361e-01   1.5990310e-01
   2.3037745e-01   1.4047128e-01
   2.3852978e-01   1.2057407e-01
   2.4334678e-01   1.0804533e-01
   2.3663165e-01   8.2434230e-02
   2.3433435e-01   7.4549184e-02
   2.2366594e-01   6.2742935e-02
   2.3624536e-01   4.8425225e-02
   2.4416970e-01   4.5928162e-02
   2.3885895e-01   4.5353733e-02
   2.4494777e-01   2.6455352e-02
   2.4361259e-01   2.2098484e-02
   2.4086316e-01   2.1643298e-02
   2.2205670e-01   1.4280165e-02
   2.2360045e-01   1.2687965e-02
   2.2932303e-01   1.1200240e-02
   2.2865242e-01   1.9319569e-03
   2.3609271e-01   9.3821807e-05
   2.3450428e-01  -3.2867219e-03
   2.3319348e-01   4.5168984e-03
   2.3878162e-01  -7.2056145e-03
   2.2404743e-01  -6.5249266e-03
   2.3854590e-01  -2.0777348e-04
   2.3732644e-01  -2.3065834e-03
   2.3437958e-01  -9.2240594e-03
   2.3159577e-01  -1.1518795e-03
   2.3529936e-01  -7.3118785e-03
   2.3666558e-01  -4.6582996e-03
   2.3542999e-01  -1.0907244e-02
   2.3366058e-01  -3.9638539e-03
   2.4323052e-01  -4.6786239e-03
   2.2941185e-01  -1.1305839e-02
   2.4514786e-01  -1.2358000e-02
   2.2813018e-01  -5.7415606e-03
   2.4488711e-01  -8.9291874e-03
   2.3194424e-01  -1.3284097e-02
   2.4020755e-01  -1.2702169e-02
   2.4251673e-01  -1.3009998e-02
   2.2287438e-01  -1.8547869e-02
  -7.3112697e-01  -1.6585134e-02
  -7.2169160e-01  -1.7223940e-02
  -7.2413915e-01   2.2333144e-02
  -7.3793796e-01   6.1809626e-02
  -7.4220113e-01   1.3704566e-01
  -7.4046098e-01   2.1282563e-01
  -7.2758696e-01   2.8599465e-01
  -7.3600667e-01   3.7517262e-01
  -7.2496660e-01   4.5818118e-01
  -7.2630235e-01   5.2959723e-01
  -7.2840842e-01   6.1552383e-01
  -7.3136945e-01   6.8654022e-01
  -7.3014744e-01   7.6020738e-01
  -7.2094405e-01   8.1871644e-01
  -7.4336719e-01   8.8106687e-01
  -7.2332854e-01   9.3036724e-01
  -7.3266741e-01   9.8447072e-01
  -7.4429880e-01   1.0340935e+00
  -7.4433404e-01   1.0826447e+00
  -7.2873544e-01   1.1213138e+00
  -7.2472592e-01   1.1563144e+00
  -7.2284586e-01   1.1891938e+00
  -7.2883959e-01   1.2127241e+00
  -7.4160690e-01   1.2414701e+00
  -7.3515413e-01   1.2659435e+00
  -7.4235601e-01   1.2789766e+00
  -7.3298397e-01   1.3052745e+00
  -7.3443401e-01   1.3156431e+00
  -7.3552051e-01   1.3351722e+00
  -7.2518898e-01   1.3406324e+00
  -7.4125063e-01   1.3494883e+00
  -7.3213180e-01   1.3660169e+00
  -7.2309450e-01   1.3753049e+00
  -7.2462804e-01   1.3760564e+00
  -7.3286684e-01   1.3934740e+00
  -7.2508645e-01   1.3916411e+00
  -7.2433257e-01   1.3980394e+00
  -7.3163607e-01   1.4000936e+00
  -7.2126293e-01   1.4057633e+00
  -7.2908515e-01   1.4134251e+00
  -7.3617524e-01   1.4232684e+00
  -7.2983568e-01   1.4145190e+00
  -7.3995925e-01   1.4208881e+00
  -7.2735878e-01   1.4240321e+00
  -7.3867970e-01   1.4317747e+00
  -7.2564741e-01   1.4305280e+00
  -7.2951564e-01   1.4282411e+00
  -7.3609721e-01   1.4276198e+00
  -7.4154249e-01   1.4375631e+00
  -7.2722250e-01   1.4339186e+00
  -7.3751357e-01   1.4380325e+00
  -7.2380020e-01   1.4387592e+00
  -7.2287392e-01   1.4351989e+00
  -7.4260048e-01   1.4364026e+00
  -7.2538888e-01   1.4363783e+00
  -7.2553036e-01   1.4347423e+00
  -7.2661192e-01   1.4316266e+00
  -7.3819135e-01   1.4386225e+00
  -7.4040584e-01   1.4441721e+00
  -7.4392925e-01   1.4413340e+00
  -7.3310491e-01   1.4444438e+00
  -7.4095538e-01   1.4426263e+00
  -7.4129944e-01   1.4394856e+00
  -7.2392929e-01   1.4344529e+00
  -7.4167801e-01   1.4435388e+00
  -7.2626409e-01   1.4439191e+00
  -7.3136015e-01   1.4397915e+00
  -7.2659675e-01   1.4335847e+00
  -7.3547830e-01   1.4417721e+00
   1.1430620e-02   1.4406349e+00
   1.9411965e-02   1.4462925e+00
   5.2184788e-03   1.4081005e+00
   1.3271910e-02   1.3633752e+00
  -1.5647504e-04   1.2938159e+00
  -9.5006950e-05   1.2214978e+00
  -1.1993015e-03   1.1478670e+00
   9.1112980e-03   1.0642994e+00
   6.7390386e-03   9.7469847e-01
  -4.4117030e-05   8.9983722e-01
   9.3177552e-03   8.2394972e-01
   1.2153913e-02   7.4951237e-01
   1.4447083e-02   6.8133802e-01
   4.7134372e-03   6.1133468e-01
   1.9500089e-02   5.5629036e-01
   1.2760952e-02   4.9027749e-01
   1.5127815e-02   4.3873355e-01
   7.0449929e-03   3.9841934e-01
   3.1173576e-03   3.4941479e-01
   7.6228181e-03   3.1005077e-01
   1.3830042e-02   2.8450453e-01
   5.0668577e-03   2.5498718e-01
   6.0961288e-03   2.1803098e-01
   1.5207733e-02   1.9800342e-01
   1.6125839e-02   1.7723638e-01
   1.1906537e-04   1.5611414e-01
   2.0399821e-02   1.3467387e-01
   1.3104932e-02   1.2261579e-01
   1.7234375e-02   1.0425384e-01
   4.0765099e-03   8.8447281e-02
   9.7571690e-03   7.9820895e-02
   1.5440231e-03   7.2990978e-02
   4.9808519e-03   5.4631546e-02
   5.7523483e-03   5.2056737e-02
   8.5600215e-03   4.7947005e-02
   4.5281114e-03   3.7413435e-02
   8.7201719e-03   3.3660350e-02
   5.3215388e-03   3.3820998e-02
   5.0887635e-03   1.9876070e-02
   1.5275122e-02   1.6310854e-02
   8.6589706e-03   2.1449981e-02
   1.6043066e-02   9.1486549e-03
   5.8609362e-03   1.3628779e-02
   5.3355337e-03   4.5573660e-03
   1.5002307e-02   6.3687112e-03
   2.1172646e-02   4.2141227e-03
   1.3597023e-02  -6.5244887e-04
   1.7771163e-02  -6.9591153e-04
   2.1346836e-02   1.5047535e-03
   1.0465247e-02   2.4088367e-03
   1.4425888e-02  -5.5283798e-03
   4.1750565e-03  -6.9943214e-04
   1.1495491e-02  -5.6728539e-03
   9.5819226e-03   2.2116100e-03
   1.5497655e-02   1.4790930e-03
   1.0655321e-02   6.4252697e-04
   1.9515401e-02  -8.7635225e-03
   8.8750027e-03   2.4000218e-03
   1.5624229e-02  -1.0640171e-02
   1.2849279e-02  -5.2319948e-03
   1.6347396e-02   1.4752354e-04
   2.6631522e-03  -5.3886719e-03
   1.2826978e-02  -8.7553534e-03
   1.4811857e-02  -6.1700514e-03
  -9.9444042e-04  -1.0993649e-02
   1.6571206e-02  -6.5237613e-03
   7.8145745e-03  -5.9050732e-04
   2.1360763e-02  -1.1501503e-02
   1.2786152e-02  -1.0422061e-03
  -1.7270013e-01  -9.7301043e-03
  -1.6442844e-01  -1.9295419e-03
  -1.7241172e-01   3.9303254e-03
  -1.6786957e-01   7.0484810e-03
  -1.7817405e-01   7.1769794e-03
  -1.7521571e-01   2.7400339e-02
  -1.7459658e-01   3.5231453e-02
  -1.7689803e-01   3.7028759e-02
  -1.8230833e-01   4.6995790e-02
  -1.6411096e-01   5.6841264e-02
  -1.8088768e-01   7.6868614e-02
  -1.6586586e-01   7.8878529e-02
  -1.8056867e-01   8.9185265e-02
  -1.6320262e-01   9.4774947e-02
  -1.7825873e-01   9.7197971e-02
  -1.8208284e-01   1.1669399e-01
  -1.7801671e-01   1.1133302e-01
  -1.6697259e-01   1.2126925e-01
  -1.6502696e-01   1.2726443e-01
  -1.7195729e-01   1.3604231e-01
  -1.6605450e-01   1.3463513e-01
  -1.7606501e-01   1.4636311e-01
  -1.8024042e-01   1.4686754e-01
  -1.6444391e-01   1.4060869e-01
  -1.7824890e-01   1.5023929e-01
  -1.6669074e-01   1.5468594e-01
  -1.7493736e-01   1.4987571e-01
  -1.6698684e-01   1.5458633e-01
  -1.6269932e-01   1.5326375e-01
  -1.7108098e-01   1.5409034e-01
  -1.7460129e-01   1.6071512e-01
  -1.6009340e-01   1.6093874e-01
  -1.7035390e-01   1.7019155e-01
  -1.6867207e-01   1.6220445e-01
  -1.7766706e-01   1.7155609e-01
  -1.7004270e-01   1.6072292e-01
  -1.7568611e-01   1.6818964e-01
  -1.8117763e-01   1.6505639e-01
  -1.8209402e-01   1.6179508e-01
  -1.6481715e-01   1.7170949e-01
  -1.8213980e-01   1.7182065e-01
  -1.7990779e-01   1.6301393e-01
  -1.6363807e-01   1.7328009e-01
  -1.8173064e-01   1.6366488e-01
  -1.7288184e-01   1.6428351e-01
  -1.8156945e-01   1.6450827e-01
  -1.7206098e-01   1.7292796e-01
  -1.8175286e-01   1.6536036e-01
  -1.7446018e-01   1.6652789e-01
  -1.6839412e-01   1.6590731e-01
  -1.7749330e-01   1.6932290e-01
  -1.8298309e-01   1.7027699e-01
  -1.7964773e-01   1.7230399e-01
  -1.7818630e-01   1.7424790e-01
  -1.7135915e-01   1.6546246e-01
  -1.7570623e-01   1.6863967e-01
  -1.8318891e-01   1.7354392e-01
  -1.8170475e-01   1.6920442e-01
  -1.6990044e-01   1.7559412e-01
  -1.6036691e-01   1.7698541e-01
  -1.8224865e-01   1.7505145e-01
  -1.7980082e-01   1.7850435e-01
  -1.7194010e-01   1.7277080e-01
  -1.8337583e-01   1.6966575e-01
  -1.7878581e-01   1.6721511e-01
  -1.7501455e-01   1.7397486e-01
  -1.6300561e-01   1.7578350e-01
  -1.7897484e-01   1.6692376e-01
  -1.7780037e-01   1.6545533e-01
  -3.8199470e-01   1.7492153e-01
  -3.8144238e-01   1.6668936e-01
  -3.9690835e-01   1.7771515e-01
  -3.8563628e-01   1.8794099e-01
  -3.9733160e-01   2.0679191e-01
  -3.8498002e-01   2.3510258e-01
  -4.0223275e-01   2.5160382e-01
  -3.9092201e-01   2.7609212e-01
  -3.9248409e-01   2.9195600e-01
  -4.0432030e-01   3.0796515e-01
  -3.8473130e-01   3.2889284e-01
  -4.0489533e-01   3.5359146e-01
  -4.0258473e-01   3.7071422e-01
  -3.9411077e-01   3.8454389e-01
  -3.9503128e-01   3.9495812e-01
  -3.8198381e-01   4.0913499e-01
  -3.8961633e-01   4.3093273e-01
  -3.9127449e-01   4.3212853e-01
  -3.8636387e-01   4.4861047e-01
  -3.9239838e-01   4.5420463e-01
  -3.8613945e-01   4.6654689e-01
  -3.8691548e-01   4.7090484e-01
  -3.9096396e-01   4.8100608e-01
  -3.8759983e-01   4.9145308e-01
  -3.9735557e-01   4.9665229e-01
  -3.9606189e-01   4.9640690e-01
  -3.8909615e-01   5.1042431e-01
  -3.8657168e-01   5.1706705e-01
  -4.0203357e-01   5.1614657e-01
  -3.9709799e-01   5.1962312e-01
  -4.0415352e-01   5.1679632e-01
  -3.9897106e-01   5.2858880e-01
  -3.8254365e-01   5.2133555e-01
  -3.8883199e-01   5.3152211e-01
  -3.9414355e-01   5.3025958e-01
  -3.9534330e-01   5.3203026e-01
  -3.9921504e-01   5.3293547e-01
  -4.0257466e-01   5.2895165e-01
  -3.9234815e-01   5.4126994e-01
  -3.8416653e-01   5.3863152e-01
  -3.8539761e-01   5.4061700e-01
  -3.9834555e-01   5.4237949e-01
  -3.8388143e-01   5.3529786e-01
  -3.9448990e-01   5.3341148e-01
  -3.8185779e-01   5.4476919e-01
  -3.9537037e-01   5.4237484e-01
  -3.8913317e-01   5.4625005e-01
  -3.9447818e-01   5.4170461e-01
  -3.9896816e-01   5.4658361e-01
  -4.0342498e-01   5.3527129e-01
  -3.8716710e-01   5.4607528e-01
  -4.0397525e-01   5.4604358e-01
  -3.9000990e-01   5.3850002e-01
  -3.9662289e-01   5.4159690e-01
  -4.0248143e-01   5.3998049e-01
  -3.9778522e-01   5.3645316e-01
  -4.0211817e-01   5.3522262e-01
  -3.8299338e-01   5.3909803e-01
  -3.8938142e-01   5.4756826e-01
  -3.9674004e-01   5.3549145e-01
  -3.9556016e-01   5.4276150e-01
  -4.0448203e-01   5.4378846e-01
  -3.8427606e-01   5.4708430e-01
  -3.8245822e-01   5.3834079e-01
  -3.8611566e-01   5.4762717e-01
  -3.9294750e-01   5.4355045e-01
  -4.0457459e-01   5.3983644e-01
  -3.8398703e-01   5.4150576e-01
  -4.0180619e-01   5.3858454e-01
   9.7831049e-02   5.4640660e-01
   8.1162291e-02   5.4583409e-01
   9.8232669e-02   5.2563070e-01
   8.9916257e-02   5.1362812e-01
   7.7829372e-02   4.8997851e-01
   8.1135856e-02   4.5531176e-01
   8.7648391e-02   4.2793081e-01
   9.3654173e-02   3.9315934e-01
   8.9136586e-02   3.5324749e-01
   9.7052642e-02   3.2512596e-01
   9.2908290e-02   2.8541292e-01
   8.4600789e-02   2.5829398e-01
   8.9285545e-02   2.3818038e-01
   7.8697022e-02   2.0799029e-01
   7.7117704e-02   1.9068838e-01
   8.9887963e-02   1.6373451e-01
   9.7286355e-02   1.3678119e-01
   7.6953185e-02   1.1738797e-01
   8.1098282e-02   1.0671286e-01
   8.6196665e-02   8.7738579e-02
   9.6253619e-02   7.1955567e-02
   9.3136392e-02   5.6688800e-02
   8.3524949e-02   5.4674755e-02
   8.0607591e-02   4.7137300e-02
   9.7015452e-02   2.8801822e-02
   8.4824767e-02   2.4372960e-02
   9.5952232e-02   9.9240111e-03
   7.6872352e-02   6.7019064e-03
   8.0362080e-02   8.9831094e-04
   9.7583978e-02   9.6604404e-04
   9.4669326e-02  -4.8820709e-03
   9.9539271e-02  -4.2346482e-03
   7.9328287e-02  -9.3294734e-03
   7.9938998e-02  -1.8962954e-02
   9.4267408e-02  -1.6409932e-02
   9.9637235e-02  -2.3384227e-02
   9.6163310e-02  -2.7104181e-02
   8.7582944e-02  -2.5718180e-02
   8.6058214e-02  -2.6091686e-02
   7.9400327e-02  -3.4030839e-02
   9.2196122e-02  -3.1297321e-02
   8.2390766e-02  -3.6897680e-02
   9.6276270e-02  -3.0721493e-02
   9.1118962e-02  -3.6460280e-02
   7.8008562e-02  -3.4343924e-02
   9.1096835e-02  -3.4193654e-02
   8.3726691e-02  -3.6395774e-02
   8.8486479e-02  -3.5171050e-02
   8.8085823e-02  -4.2199911e-02
   8.1297032e-02  -3.5413881e-02
   9.9535248e-02  -4.4455174e-02
   9.4406025e-02  -3.7642494e-02
   9.8014205e-02  -4.1977496e-02
   9.9926002e-02  -4.0050370e-02
   7.9512349e-02  -4.2940254e-02
   9.1482775e-02  -3.4482989e-02
   8.3195734e-02  -3.3918441e-02
   7.7459614e-02  -3.6898937e-02
   8.9397293e-02  -3.8203806e-02
   9.0232739e-02  -3.9206756e-02
   8.5804298e-02  -3.8026767e-02
   8.5011321e-02  -4.2552520e-02
   1.0010913e-01  -4.2742733e-02
   8.1723826e-02  -3.4668042e-02
   8.6372544e-02  -3.9105512e-02
   7.8393028e-02  -3.3888117e-02
   8.9285329e-02  -3.9240304e-02
   9.8240826e-02  -4.5910796e-02
   9.1266108e-02  -3.5596235e-02
   7.2340192e-01  -3.9430436e-02
   7.2214323e-01  -4.4272986e-02
   7.1488430e-01  -1.3210358e-02
   7.2553494e-01   3.9708844e-02
   7.2226429e-01   1.0301001e-01
   7.1009484e-01   1.8056834e-01
   7.1746729e-01   2.7365310e-01
   7.1077718e-01   3.4827995e-01
   7.2104681e-01   4.3648845e-01
   7.1695265e-01   5.1199396e-01
   7.2548138e-01   6.0112773e-01
   7.2167422e-01   6.7623469e-01
   7.1188822e-01   7.5090933e-01
   7.1659759e-01   8.0785318e-01
   7.2450598e-01   8.7566222e-01
   7.1020435e-01   9.2418882e-01
   7.1676076e-01   9.8787234e-01
   7.1071595e-01   1.0263034e+00
   7.2399086e-01   1.0712903e+00
   7.1946324e-01   1.1193272e+00
   7.0392876e-01   1.1464421e+00
   7.1979431e-01   1.1795158e+00
   7.2258857e-01   1.2145656e+00
   7.1108353e-01   1.2430501e+00
   7.0814159e-01   1.2634364e+00
   7.0498797e-01   1.2790119e+00
   7.2224959e-01   1.3031408e+00
   7.0775165e-01   1.3146916e+00
   7.0980491e-01   1.3274348e+00
   7.0548930e-01   1.3536177e+00
   7.0881560e-01   1.3576443e+00
   7.0804281e-01   1.3636354e+00
   7.0387068e-01   1.3803613e+00
   7.2505715e-01   1.3885362e+00
   7.2332874e-01   1.3892242e+00
   7.0606446e-01   1.4019140e+00
   7.2517650e-01   1.4106444e+00
   7.1875553e-01   1.4051011e+00
   7.0826991e-01   1.4106708e+00
   7.2296575e-01   1.4152120e+00
   7.2645206e-01   1.4270275e+00
   7.2218414e-01   1.4243056e+00
   7.1735764e-01   1.4217997e+00
   7.1526363e-01   1.4242637e+00
   7.2680033e-01   1.4388334e+00
   7.0832122e-01   1.4298016e+00
   7.0666896e-01   1.4311652e+00
   7.1614884e-01   1.4407698e+00
   7.1273672e-01   1.4357135e+00
   7.2497608e-01   1.4424898e+00
   7.1679516e-01   1.4390873e+00
   7.1274586e-01   1.4420093e+00
   7.1502693e-01   1.4413198e+00
   7.2150161e-01   1.4415633e+00
   7.1514498e-01   1.4466364e+00
   7.2546315e-01   1.4366660e+00
   7.0519437e-01   1.4392699e+00
   7.1276888e-01   1.4431712e+00
   7.2715223e-01   1.4446101e+00
   7.2193178e-01   1.4419397e+00
   7.2742466e-01   1.4391077e+00
   7.2592399e-01   1.4511836e+00
   7.0480333e-01   1.4512326e+00
   7.2748650e-01   1.4401182e+00
   7.1847794e-01   1.4462984e+00
   7.1494144e-01   1.4394915e+00
   7.0683097e-01   1.4518481e+00
   7.1463982e-01   1.4409415e+00
   7.1482685e-01   1.4517158e+00
  -7.8669011e-01   1.4523823e+00
  -7.8153558e-01   1.4401694e+00
  -7.9658109e-01   1.4455231e+00
  -7.9990310e-01   1.4588632e+00
  -7.8722608e-01   1.4645808e+00
  -7.9905981e-01   1.4735399e+00
  -7.9597582e-01   1.4894351e+00
  -7.9987137e-01   1.5029340e+00
  -7.9983381e-01   1.5124343e+00
  -7.9681217e-01   1.5268318e+00
  -7.9531023e-01   1.5278821e+00
  -7.9133365e-01   1.5441865e+00
  -8.0253530e-01   1.5569777e+00
  -7.8188904e-01   1.5666071e+00
  -7.8875619e-01   1.5758267e+00
  -7.9986962e-01   1.5751226e+00
  -7.8787083e-01   1.5820199e+00
  -7.8099593e-01   1.6000947e+00
  -7.8695194e-01   1.6035292e+00
  -7.8088015e-01   1.6086260e+00
  -7.9331623e-01   1.6136998e+00
  -7.8102986e-01   1.6163314e+00
  -7.8725494e-01   1.6227555e+00
  -7.8077474e-01   1.6166116e+00
  -7.9568260e-01   1.6277570e+00
  -7.8898108e-01   1.6293109e+00
  -7.8914880e-01   1.6339444e+00
  -7.8311408e-01   1.6291913e+00
  -7.9512882e-01   1.6295500e+00
  -7.8756175e-01   1.6426582e+00
  -7.9961434e-01   1.6451786e+00
  -7.8984741e-01   1.6372863e+00
  -7.9927845e-01   1.6423448e+00
  -7.9866138e-01   1.6488184e+00
  -7.8647852e-01   1.6503508e+00
  -8.0346385e-01   1.6408798e+00
  -7.8092099e-01   1.6420387e+00
  -8.0354251e-01   1.6451555e+00
  -7.9842183e-01   1.6478561e+00
  -7.8705033e-01   1.6409795e+00
  -8.0115483e-01   1.6406047e+00
  -7.8225819e-01   1.6503649e+00
  -7.8082805e-01   1.6480485e+00
  -7.8577049e-01   1.6481762e+00
  -8.0282979e-01   1.6525318e+00
  -8.0211363e-01   1.6553385e+00
  -8.0047716e-01   1.6459348e+00
  -7.9906673e-01   1.6510888e+00
  -7.9099794e-01   1.6450636e+00
  -7.9020386e-01   1.6475791e+00
  -7.8533014e-01   1.6554289e+00
  -7.9324910e-01   1.6452997e+00
  -7.8920492e-01   1.6531146e+00
  -7.8136649e-01   1.6433341e+00
  -7.9825463e-01   1.6556871e+00
  -7.8532713e-01   1.6473743e+00
  -7.9022084e-01   1.6558509e+00
  -7.9554300e-01   1.6519530e+00
  -7.9015761e-01   1.6571588e+00
  -7.8074695e-01   1.6542165e+00
  -8.0076451e-01   1.6551431e+00
  -7.8940512e-01   1.6495701e+00
  -7.9129266e-01   1.6545254e+00
  -7.8437198e-01   1.6493085e+00
  -7.8033905e-01   1.6543598e+00
  -7.9443405e-01   1.6524981e+00
  -7.8981024e-01   1.6458407e+00
  -7.8030661e-01   1.6441444e+00
  -7.8870443e-01   1.6438577e+00
   3.1478151e-02   1.6568858e+00
   4.9197875e-02   1.6536993e+00
   4.2622542e-02   1.6100412e+00
   3.8812671e-02   1.5635876e+00
   3.0160648e-02   1.4786335e+00
   4.3568487e-02   1.3981094e+00
   3.0802261e-02   1.3007803e+00
   4.1505700e-02   1.2129660e+00
   4.8264995e-02   1.1117473e+00
   4.2715454e-02   1.0229924e+00
   3.4837048e-02   9.3859521e-01
   3.8980993e-02   8.4673748e-01
   2.9199664e-02   7.7115046e-01
   3.0394402e-02   6.9005353e-01
   3.5242764e-02   6.2085068e-01
   4.1629935e-02   5.6069795e-01
   3.4759917e-02   5.0142832e-01
   3.4336659e-02   4.4946846e-01
   4.4362889e-02   3.9082578e-01
   4.3844622e-02   3.4717565e-01
   3.8549347e-02   3.1288519e-01
   2.9708643e-02   2.7267963e-01
   4.9749301e-02   2.3905990e-01
   3.4565186e-02   2.1490927e-01
   4.5067446e-02   1.7993405e-01
   3.8857325e-02   1.6258599e-01
   4.8522400e-02   1.3943409e-01
   4.9790374e-02   1.1816999e-01
   3.0558790e-02   1.0171445e-01
   3.8606303e-02   8.5739531e-02
   3.5465265e-02   7.5631255e-02
   4.4897642e-02   6.1475744e-02
   3.5059276e-02   5.1650066e-02
   3.9675773e-02   3.9341867e-02
   3.1318337e-02   3.5533093e-02
   4.2619795e-02   2.5799910e-02
   3.4772243e-02   1.8009792e-02
   2.9920244e-02   2.1510202e-02
   4.7852887e-02   1.0089245e-02
   2.9213061e-02   4.7756079e-03
   3.7071904e-02   1.9802708e-03
   4.8217213e-02  -3.3183975e-04
   3.1153435e-02  -5.6068804e-04
   4.7504451e-02  -1.0007785e-02
   4.4695999e-02  -9.6672016e-03
   4.3315895e-02  -1.3111211e-02
   3.2442454e-02  -7.7156110e-03
   2.9733247e-02  -1.1723199e-02
   4.8076960e-02  -1.9225386e-02
   4.6516967e-02  -1.4184538e-02
   3.7004574e-02  -1.3468853e-02
   4.8674938e-02  -2.1560195e-02
   2.9317973e-02  -1.9730572e-02
   4.2162418e-02  -1.5404445e-02
   4.0922188e-02  -2.4548560e-02
   5.2319043e-02  -2.2637289e-02
   3.0837314e-02  -2.4790092e-02
   4.2944522e-02  -2.6692043e-02
   4.4905573e-02  -2.2800635e-02
   3.0955482e-02  -1.8346604e-02
   4.7394221e-02  -2.8413666e-02
   4.3505631e-02  -2.3518160e-02
   5.2857178e-02  -2.7230065e-02
   4.4167171e-02  -2.4166773e-02
   4.9359128e-02  -2.4983911e-02
   3.7513198e-02  -2.2662323e-02
   5.2354760e-02  -1.7235981e-02
   3.8092720e-02  -2.3572827e-02
   4.5267383e-02  -2.1296418e-02
   1.8787759e-01  -1.7549122e-02
   1.6888974e-01  -2.5407332e-02
   1.7606048e-01  -2.3086325e-02
   1.6518401e-01  -1.7808318e-02
   1.8397123e-01  -1.8528882e-02
   1.8667786e-01  -2.3182024e-02
   1.7089152e-01  -2.3090687e-02
   1.7601384e-01  -3.0056986e-02
   1.7943948e-01  -2.5985499e-02
   1.6689920e-01  -3.6109080e-02
   1.7500041e-01  -2.4725807e-02
   1.7319809e-01  -2.7975067e-02
   1.6951708e-01  -2.9889003e-02
   1.7154933e-01  -2.6854822e-02
   1.7442842e-01  -3.2492176e-02
   1.7444477e-01  -2.9140133e-02
   1.7844669e-01  -4.0165401e-02
   1.8341388e-01  -3.9844610e-02
   1.7903927e-01  -3.7556971e-02
   1.7474409e-01  -3.8495119e-02
   1.8086826e-01  -3.3313816e-02
   1.8090309e-01  -2.9984605e-02
   1.8501832e-01  -4.0674266e-02
   1.7092946e-01  -3.8324402e-02
   1.7300872e-01  -3.9360006e-02
   1.7619130e-01  -4.3972935e-02
   1.7988258e-01  -4.0911572e-02
   1.7915578e-01  -4.3465844e-02
   1.7812138e-01  -3.8210110e-02
   1.7247653e-01  -4.0154786e-02
   1.7778772e-01  -3.9409210e-02
   1.7824629e-01  -4.4429695e-02
   1.6737381e-01  -3.8180859e-02
   1.7676365e-01  -4.3739589e-02
   1.7240366e-01  -3.2153173e-02
   1.8014299e-01  -4.0331557e-02
   1.7979750e-01  -4.2822838e-02
   1.8855194e-01  -4.2140391e-02
   1.7385121e-01  -3.4209480e-02
   1.8386664e-01  -4.0948341e-02
   1.7646134e-01  -4.2025828e-02
   1.7868809e-01  -3.2625167e-02
   1.8807385e-01  -3.7192308e-02
   1.7923505e-01  -3.2279515e-02
   1.8551119e-01  -3.7794541e-02
   1.6733021e-01  -4.4539681e-02
   1.8520593e-01  -3.7320471e-02
   1.8520902e-01  -4.4036788e-02
   1.8768454e-01  -3.2154675e-02
   1.8761378e-01  -3.5825350e-02
   1.8871442e-01  -3.8734989e-02
   1.6707510e-01  -4.4096674e-02
   1.8308887e-01  -4.5065651e-02
   1.6623887e-01  -4.4792892e-02
   1.8773489e-01  -4.4388284e-02
   1.6555942e-01  -3.5115801e-02
   1.7168834e-01  -3.2961622e-02
   1.7299519e-01  -4.2018344e-02
   1.6825172e-01  -4.1291198e-02
   1.7909540e-01  -4.1446068e-02
   1.6598335e-01  -4.4328083e-02
   1.7676404e-01  -4.3086092e-02
   1.8507186e-01  -3.4893772e-02
   1.7732841e-01  -3.4724726e-02
   1.6760582e-01  -4.1747153e-02
   1.7174603e-01  -4.4041254e-02
   1.8784891e-01  -3.2861348e-02
   1.7404136e-01  -4.0122066e-02
   1.8049438e-01  -3.3622127e-02
  -5.7135415e-01  -4.1144664e-02
  -5.7927977e-01  -4.1341377e-02
  -5.7526582e-01  -1.9774618e-02
  -5.8849748e-01   2.0740088e-02
  -5.8857116e-01   6.3852655e-02
  -5.6964642e-01   1.1166582e-01
  -5.8256021e-01   1.7881115e-01
  -5.7494623e-01   2.3511681e-01
  -5.8433087e-01   2.8804899e-01
  -5.8647768e-01   3.4793117e-01
  -5.8684275e-01   4.0354568e-01
  -5.7845329e-01   4.5622856e-01
  -5.9222092e-01   5.0316572e-01
  -5.7984952e-01   5.4213210e-01
  -5.8138899e-01   5.8597254e-01
  -5.8489866e-01   6.2870370e-01
  -5.7436363e-01   6.6529914e-01
  -5.8095900e-01   6.9985872e-01
  -5.8780756e-01   7.3079940e-01
  -5.9096175e-01   7.4867277e-01
  -5.8920342e-01   7.8381637e-01
  -5.8687593e-01   7.9698789e-01
  -5.9066191e-01   8.2398463e-01
  -5.8946321e-01   8.3311865e-01
  -5.8191660e-01   8.6243226e-01
  -5.8635598e-01   8.6727887e-01
  -5.8114372e-01   8.8054378e-01
  -5.7263889e-01   8.8808405e-01
  -5.7838750e-01   9.0059170e-01
  -5.7579638e-01   9.1676022e-01
  -5.8131458e-01   9.1904805e-01
  -5.8444223e-01   9.3570025e-01
  -5.8905950e-01   9.2891190e-01
  -5.9158517e-01   9.3725784e-01
  -5.8205826e-01   9.4396571e-01
  -5.9095598e-01   9.5707945e-01
  -5.7899794e-01   9.5539318e-01
  -5.7386404e-01   9.6438578e-01
  -5.8832703e-01   9.6360707e-01
  -5.7634004e-01   9.7031396e-01
  -5.7107840e-01   9.6442481e-01
  -5.9315020e-01   9.6538138e-01
  -5.8311337e-01   9.6552059e-01
  -5.7049444e-01   9.6499972e-01
  -5.6942308e-01   9.6998026e-01
  -5.7726587e-01   9.7647682e-01
  -5.7566929e-01   9.6995505e-01
  -5.9136359e-01   9.7078267e-01
  -5.7506179e-01   9.7416850e-01
  -5.8551288e-01   9.7164593e-01
  -5.7550511e-01   9.7588463e-01
  -5.9299270e-01   9.7281399e-01
  -5.6962424e-01   9.7549026e-01
  -5.7965266e-01   9.8250254e-01
  -5.9019638e-01   9.8000410e-01
  -5.7344402e-01   9.8247120e-01
  -5.9019715e-01   9.7586982e-01
  -5.8351353e-01   9.7561006e-01
  -5.9214767e-01   9.8705106e-01
  -5.9081511e-01   9.7554688e-01
  -5.8615504e-01   9.8733889e-01
  -5.8888072e-01   9.8248710e-01
  -5.7797769e-01   9.8136540e-01
  -5.7079885e-01   9.8334002e-01
  -5.9181860e-01   9.8707047e-01
  -5.7540293e-01   9.7613711e-01
  -5.7939328e-01   9.8609429e-01
  -5.7800794e-01   9.7522633e-01
  -5.8384747e-01   9.8102823e-01
   2.0352573e-01   9.8070166e-01
   1.8940143e-01   9.7762161e-01
   1.8728307e-01   9.6149995e-01
   2.0423550e-01   9.3009551e-01
   2.0132362e-01   8.8121486e-01
   2.0213060e-01   8.2322833e-01
   1.8561870e-01   7.7760959e-01
   1.9613494e-01   7.1077444e-01
   2.0118855e-01   6.6163562e-01
   1.9791370e-01   6.0411753e-01
   2.0419345e-01   5.5170515e-01
   1.9685396e-01   4.9170301e-01
   1.8833645e-01   4.4172039e-01
   1.8460537e-01   4.0658482e-01
   2.0398580e-01   3.6221855e-01
   1.9879812e-01   3.1607817e-01
   1.8942877e-01   2.7726332e-01
   2.0343282e-01   2.4967121e-01
   1.8779688e-01   2.2449991e-01
   1.9963768e-01   1.8904293e-01
   1.8668038e-01   1.7115172e-01
   2.0346954e-01   1.4756733e-01
   1.8355833e-01   1.2819591e-01
   1.9931379e-01   1.1113720e-01
   1.9991948e-01   9.1494518e-02
   1.9075947e-01   7.4289249e-02
   2.0135978e-01   7.0887740e-02
   2.0262980e-01   4.7070258e-02
   1.8548123e-01   4.7239845e-02
   1.8495151e-01   2.7543463e-02
   2.0616038e-01   2.4283865e-02
   2.0592417e-01   1.3449023e-02
   1.8427906e-01   9.4929943e-03
   1.9998618e-01   8.6790041e-04
   2.0322951e-01  -3.7253305e-03
   1.8684624e-01  -9.3414353e-04
   1.9869265e-01  -1.5216832e-03
   2.0240820e-01  -1.4630552e-02
   1.9707721e-01  -1.6650996e-02
   1.8830318e-01  -1.8635003e-02
   1.9256867e-01  -2.3634506e-02
   2.0160368e-01  -2.0954968e-02
   2.0071570e-01  -1.7125258e-02
   1.9042513e-01  -2.7337710e-02
   1.8491954e-01  -2.2531414e-02
   1.9652158e-01  -2.4093695e-02
   1.8381019e-01  -2.8538487e-02
   1.9833090e-01  -2.5819334e-02
   1.9941727e-01  -2.9360391e-02
   1.8395165e-01  -3.0632903e-02
   2.0302566e-01  -2.5710577e-02
   1.8863242e-01  -3.6241048e-02
   1.9634616e-01  -3.5273229e-02
   1.9677087e-01  -3.6670509e-02
   1.9732456e-01  -3.6160529e-02
   1.9048591e-01  -3.6248288e-02
   1.9411060e-01  -3.4918739e-02
  -3.9550341e-01  -2.9317204e-02
