  -1.9130059e-03   4.2952102e-03
   3.8315704e-03   2.3138000e-03
  -3.5811737e-04  -3.8755755e-03
   2.9309206e-03   5.4299038e-03
  -1.1242012e-02   2.8682776e-03
   5.1467966e-03   4.7161668e-03
  -4.8456767e-03   4.1759239e-03
  -6.5975904e-03   1.6756895e-03
  -9.3133681e-03  -4.1523283e-03
   8.1113679e-03  -1.9717490e-04
   6.3806974e-01   1.9780823e-03
   6.4342326e-01   4.0747008e-04
   6.4820303e-01   2.1395919e-02
   6.3229422e-01   5.0500800e-02
   6.4289759e-01   9.7931477e-02
   6.5082303e-01   1.5815166e-01
   6.4412404e-01   2.1762597e-01
   6.4656086e-01   2.6867539e-01
   6.4431387e-01   3.3598643e-01
   6.3410846e-01   3.8208922e-01
   6.5137729e-01   4.3927057e-01
   6.3463514e-01   4.9262978e-01
   6.4566205e-01   5.4306099e-01
   6.4421522e-01   5.9092437e-01
   6.5282563e-01   6.3254338e-01
   6.3307892e-01   6.7084610e-01
   6.3064542e-01   7.1092748e-01
   6.4592736e-01   7.3900664e-01
   6.3709486e-01   7.7674205e-01
   6.3318656e-01   8.0631870e-01
   6.3511692e-01   8.2915909e-01
   6.3923672e-01   8.4969970e-01
   6.4997723e-01   8.6681174e-01
   6.4917751e-01   8.9113945e-01
   6.5251711e-01   9.0212339e-01
   6.5285264e-01   9.2568283e-01
   6.3146617e-01   9.2614056e-01
   6.4796514e-01   9.3726536e-01
   6.4930397e-01   9.5643976e-01
   6.3156132e-01   9.6593795e-01
   6.4733900e-01   9.6572835e-01
   6.3924248e-01   9.7803095e-01
   6.4532859e-01   9.8426528e-01
   6.3309074e-01   9.9312851e-01
   6.5003735e-01   9.9719075e-01
   6.4374269e-01   9.9403384e-01
   6.3861209e-01   9.9855236e-01
   6.4819461e-01   1.0141110e+00
   6.3543715e-01   1.0069617e+00
   6.5302778e-01   1.0206420e+00
   6.4129959e-01   1.0094529e+00
   6.4687732e-01   1.0218942e+00
   6.3365179e-01   1.0256456e+00
   6.4540194e-01   1.0210059e+00
   6.3311164e-01   1.0268752e+00
   6.3186529e-01   1.0179388e+00
   6.5060157e-01   1.0244405e+00
   6.4306654e-01   1.0220188e+00
   6.4808731e-01   1.0248983e+00
   6.5330227e-01   1.0222277e+00
   6.4998663e-01   1.0256030e+00
   6.3727566e-01   1.0334886e+00
   6.5019114e-01   1.0340226e+00
   6.3416893e-01   1.0364672e+00
   6.5370025e-01   1.0342240e+00
   6.4821742e-01   1.0371173e+00
   6.3497039e-01   1.0341755e+00
   6.3970622e-01   1.0338681e+00
   6.5322129e-01   1.0349087e+00
   6.3039459e-01   1.0247701e+00
   6.3869628e-01   1.0303497e+00
   6.4776846e-01   1.0298390e+00
   6.3270755e-01   1.0275246e+00
   6.3916845e-01   1.0264658e+00
   6.3400222e-01   1.0331550e+00
   6.3860774e-01   1.0358165e+00
   6.3037974e-01   1.0291085e+00
   6.3946088e-01   1.0309579e+00
   6.4004247e-01   1.0284102e+00
   5.3567964e-01   1.0317373e+00
   5.3506046e-01   1.0373313e+00
   5.4203065e-01   1.0180155e+00
   5.3938849e-01   1.0036014e+00
   5.4421737e-01   9.9378335e-01
   5.4301453e-01   9.6085120e-01
   5.2803914e-01   9.4299568e-01
   5.4446720e-01   9.2293858e-01
   5.4449457e-01   8.9028680e-01
   5.3276602e-01   8.6712109e-01
   5.3106448e-01   8.4100429e-01
   5.4790796e-01   8.2243053e-01
   5.3204149e-01   7.9745038e-01
   5.3785001e-01   7.8545012e-01
   5.3422351e-01   7.6126386e-01
   5.3615090e-01   7.5029147e-01
   5.2972135e-01   7.2459790e-01
   5.4410626e-01   7.2005814e-01
   5.3179069e-01   7.0630428e-01
   5.3867028e-01   6.8869248e-01
   5.4732026e-01   6.7428199e-01
   5.5030491e-01   6.7176437e-01
   5.4707028e-01   6.5483708e-01
   5.3137869e-01   6.5635987e-01
   5.4854663e-01   6.4591011e-01
   5.2854241e-01   6.3940821e-01
   5.4738658e-01   6.3384444e-01
   5.4617735e-01   6.3496002e-01
   5.4506578e-01   6.1973252e-01
   5.4611287e-01   6.2316823e-01
   5.2877506e-01   6.1367805e-01
   5.4506041e-01   6.0807321e-01
   5.4887760e-01   6.1009426e-01
   5.3622610e-01   6.1030149e-01
   5.4021726e-01   6.1322530e-01
   5.3384755e-01   6.0869921e-01
   5.3845518e-01   5.9729696e-01
   5.4738763e-01   5.9738878e-01
   5.4811256e-01   6.0595736e-01
   5.4426197e-01   5.9717682e-01
   5.3583481e-01   5.9364808e-01
   5.3512675e-01   6.0433126e-01
   5.4252229e-01   5.9989067e-01
   5.4269941e-01   5.9621863e-01
   5.4385993e-01   5.9074812e-01
   5.2979215e-01   5.9254887e-01
   5.3572424e-01   5.9487382e-01
   5.4265152e-01   5.9644333e-01
   5.4345189e-01   5.8990483e-01
   5.4458039e-01   5.9625646e-01
   5.3931967e-01   5.9063326e-01
   5.2772074e-01   5.9635526e-01
   5.3312169e-01   5.9728870e-01
   5.4641058e-01   5.9329718e-01
   5.4099877e-01   5.9291063e-01
   5.4818854e-01   5.8694088e-01
   5.4029225e-01   5.9192909e-01
   5.4601291e-01   5.8964950e-01
   5.4257590e-01   5.9262000e-01
   5.3321187e-01   5.9808147e-01
   5.4666258e-01   5.9282181e-01
   5.3438515e-01   5.9411668e-01
   5.5017765e-01   5.8580877e-01
   5.2892816e-01   5.9146887e-01
   5.3918191e-01   5.8600798e-01
   5.4386137e-01   5.9600934e-01
   5.4103163e-01   5.9561213e-01
   5.3222374e-01   5.9479695e-01
   5.5101405e-01   5.9645573e-01
  -9.0464273e-01   5.9264365e-01
  -9.1593175e-01   5.8901521e-01
  -8.9537259e-01   6.2146451e-01
  -9.0419996e-01   6.7680436e-01
  -8.9774795e-01   7.4073365e-01
  -9.1311339e-01   8.2243074e-01
  -9.1223664e-01   9.0697232e-01
  -8.9572877e-01   9.9388526e-01
  -9.1694759e-01   1.0807579e+00
  -9.1493375e-01   1.1653169e+00
  -9.1579954e-01   1.2564691e+00
  -9.0168988e-01   1.3211750e+00
  -9.0272081e-01   1.4069764e+00
  -8.9848742e-01   1.4759496e+00
  -9.1773652e-01   1.5387063e+00
  -9.0002454e-01   1.5941158e+00
  -9.1198497e-01   1.6410245e+00
  -9.1236656e-01   1.6925648e+00
  -8.9846774e-01   1.7407175e+00
  -9.0600171e-01   1.7866970e+00
  -9.0280710e-01   1.8260488e+00
  -9.0015031e-01   1.8601222e+00
  -9.1345949e-01   1.8793689e+00
  -9.0025336e-01   1.9136718e+00
  -9.0183315e-01   1.9337890e+00
  -9.1368846e-01   1.9517373e+00
  -9.0074741e-01   1.9738846e+00
  -9.0447391e-01   1.9896676e+00
  -9.0123796e-01   2.0148357e+00
  -9.0932203e-01   2.0206592e+00
  -8.9811636e-01   2.0406165e+00
  -8.9856827e-01   2.0435749e+00
  -9.1301487e-01   2.0528818e+00
  -9.0920195e-01   2.0701821e+00
  -8.9990346e-01   2.0651177e+00
  -9.0104629e-01   2.0719307e+00
  -8.9539218e-01   2.0881054e+00
  -8.9701694e-01   2.0886558e+00
  -8.9731721e-01   2.0945356e+00
  -9.0673158e-01   2.0992099e+00
  -8.9658760e-01   2.1000821e+00
  -9.1488706e-01   2.1039534e+00
  -8.9905751e-01   2.1091833e+00
  -9.0973000e-01   2.1025625e+00
  -9.0798655e-01   2.1119372e+00
  -9.1207739e-01   2.1062442e+00
  -9.0922867e-01   2.1160188e+00
  -9.0959320e-01   2.1220384e+00
  -9.1521988e-01   2.1227968e+00
  -9.0146765e-01   2.1173520e+00
  -9.1038346e-01   2.1145420e+00
  -9.0899682e-01   2.1204825e+00
  -8.9622336e-01   2.1157391e+00
  -9.1510741e-01   2.1149529e+00
  -9.1253491e-01   2.1263810e+00
  -9.1142287e-01   2.1230586e+00
  -9.0747770e-01   2.1171929e+00
  -9.0401248e-01   2.1266495e+00
  -9.0406298e-01   2.1212222e+00
  -9.1378497e-01   2.1262481e+00
  -9.0901738e-01   2.1287282e+00
  -8.9490865e-01   2.1184730e+00
  -9.1114662e-01   2.1181395e+00
  -9.0171040e-01   2.1184677e+00
  -9.1314194e-01   2.1221349e+00
  -9.1094971e-01   2.1175822e+00
  -9.1798709e-01   2.1205953e+00
  -9.0512025e-01   2.1247018e+00
  -8.9757810e-01   2.1200646e+00
   6.9267426e-01   2.1211992e+00
   6.8539287e-01   2.1183165e+00
   6.7947152e-01   2.1117940e+00
   6.7238009e-01   2.0699251e+00
   6.9068574e-01   2.0307502e+00
   6.9270474e-01   1.9978700e+00
   6.7979973e-01   1.9394128e+00
   6.7813663e-01   1.8900728e+00
   6.8132780e-01   1.8396472e+00
   6.7499269e-01   1.7974580e+00
   6.7470843e-01   1.7539637e+00
   6.8027289e-01   1.7035036e+00
   6.8932599e-01   1.6575578e+00
   6.7045559e-01   1.6189646e+00
   6.8763189e-01   1.5784540e+00
   6.7780298e-01   1.5502833e+00
   6.8634960e-01   1.5212918e+00
   6.9097397e-01   1.4984614e+00
   6.7770131e-01   1.4619551e+00
   6.9048366e-01   1.4460577e+00
   6.8474351e-01   1.4221055e+00
   6.8968644e-01   1.3996915e+00
   6.8203097e-01   1.3890500e+00
   6.7441500e-01   1.3708818e+00
   6.7408783e-01   1.3589807e+00
   6.9136715e-01   1.3462536e+00
   6.7720929e-01   1.3363371e+00
   6.8086385e-01   1.3160332e+00
   6.8125850e-01   1.3107022e+00
   6.8022227e-01   1.3050295e+00
   6.7672423e-01   1.2955666e+00
   6.8561259e-01   1.2966672e+00
   6.7694017e-01   1.2812294e+00
   6.8360375e-01   1.2862734e+00
   6.8254781e-01   1.2732093e+00
   6.7048937e-01   1.2687890e+00
   6.8323877e-01   1.2733000e+00
   6.8332352e-01   1.2660312e+00
   6.7614979e-01   1.2589781e+00
   6.7987424e-01   1.2614597e+00
   6.9034635e-01   1.2619183e+00
   6.8301100e-01   1.2621645e+00
   6.8201701e-01   1.2637378e+00
   6.9119440e-01   1.2563094e+00
   6.8453587e-01   1.2537598e+00
   6.8840879e-01   1.2602653e+00
   6.9197989e-01   1.2559379e+00
   6.7350049e-01   1.2523854e+00
   6.9321814e-01   1.2554378e+00
   6.8957347e-01   1.2512190e+00
   6.8541594e-01   1.2557339e+00
   6.8659185e-01   1.2527720e+00
   6.7775401e-01   1.2487228e+00
   6.8229540e-01   1.2548113e+00
   6.8528882e-01   1.2511009e+00
   6.8050745e-01   1.2517134e+00
   6.8598393e-01   1.2424320e+00
   6.8886516e-01   1.2487930e+00
   6.8123070e-01   1.2547136e+00
   6.9235248e-01   1.2436134e+00
   6.8075646e-01   1.2429691e+00
   6.8948620e-01   1.2476379e+00
   6.8650136e-01   1.2455312e+00
   6.8190233e-01   1.2438285e+00
   6.7039220e-01   1.2478271e+00
   6.8157162e-01   1.2408134e+00
   6.7112736e-01   1.2481094e+00
   6.7562763e-01   1.2403453e+00
   6.8808188e-01   1.2513571e+00
   8.3906456e-01   1.2405937e+00
   8.3692201e-01   1.2504884e+00
   8.4152396e-01   1.2639179e+00
   8.4843267e-01   1.3022455e+00
   8.3138499e-01   1.3618127e+00
   8.2913203e-01   1.4125961e+00
   8.2760889e-01   1.4744896e+00
   8.3914967e-01   1.5330188e+00
   8.2752780e-01   1.5991134e+00
   8.4017615e-01   1.6687085e+00
   8.2902561e-01   1.7190791e+00
   8.5111305e-01   1.7736859e+00
   8.4404410e-01   1.8335220e+00
   8.4467937e-01   1.8745481e+00
   8.4783144e-01   1.9223164e+00
   8.3522039e-01   1.9646646e+00
   8.3991489e-01   2.0033624e+00
   8.4752105e-01   2.0407563e+00
   8.3620867e-01   2.0712010e+00
   8.3846850e-01   2.1029897e+00
   8.2996985e-01   2.1281046e+00
   8.3569892e-01   2.1565323e+00
   8.2733059e-01   2.1736164e+00
   8.4308386e-01   2.1997354e+00
   8.3139372e-01   2.2160334e+00
   8.3557099e-01   2.2393009e+00
   8.4924979e-01   2.2415563e+00
   8.4124529e-01   2.2569233e+00
   8.2923431e-01   2.2641987e+00
   8.5082790e-01   2.2790266e+00
   8.3218081e-01   2.2945061e+00
   8.4681197e-01   2.2975647e+00
   8.2786630e-01   2.3022744e+00
   8.3516736e-01   2.3113837e+00
   8.3429420e-01   2.3110996e+00
   8.3073989e-01   2.3249614e+00
   8.3510971e-01   2.3287393e+00
   8.4021804e-01   2.3304703e+00
   8.4966652e-01   2.3353209e+00
   8.4961633e-01   2.3347778e+00
   8.3284633e-01   2.3343569e+00
   8.4956005e-01   2.3406644e+00
   8.4291531e-01   2.3337911e+00
   8.4146188e-01   2.3364577e+00
   8.3059426e-01   2.3437541e+00
   8.4327206e-01   2.3447644e+00
   8.2753785e-01   2.3470232e+00
   8.3085104e-01   2.3434210e+00
   8.3072623e-01   2.3466672e+00
   8.4377018e-01   2.3547388e+00
   8.4170072e-01   2.3524307e+00
   8.4567258e-01   2.3493521e+00
   8.4062972e-01   2.3558800e+00
   8.5106173e-01   2.3498845e+00
   8.3897899e-01   2.3464264e+00
   8.4613454e-01   2.3558724e+00
   8.3073710e-01   2.3460195e+00
   8.3884393e-01   2.3527287e+00
   8.3906009e-01   2.3568992e+00
   8.4932793e-01   2.3456563e+00
   8.3163102e-01   2.3545743e+00
   8.4560125e-01   2.3580335e+00
   8.5070801e-01   2.3545816e+00
   8.2982054e-01   2.3499410e+00
   8.3112891e-01   2.3558655e+00
   8.3327153e-01   2.3491186e+00
   8.4031530e-01   2.3501801e+00
   8.4974987e-01   2.3468736e+00
   8.3074756e-01   2.3586824e+00
  -2.9041414e-03   2.3590097e+00
  -6.6707600e-03   2.3515215e+00
   6.9325064e-03   2.3005488e+00
  -9.3839519e-04   2.2297105e+00
  -1.3274770e-02   2.1220381e+00
  -2.4628357e-03   1.9938179e+00
   1.6141051e-03   1.8623456e+00
   6.9891190e-03   1.7277959e+00
  -7.2752821e-03   1.5946811e+00
   3.7177988e-03   1.4684907e+00
  -4.1321748e-03   1.3435463e+00
  -9.6345846e-03   1.2310100e+00
   2.5564601e-03   1.1080930e+00
   1.4136660e-03   1.0110222e+00
  -6.9099247e-03   9.0393915e-01
   3.2455024e-03   8.1700394e-01
   8.0963540e-03   7.3655531e-01
   1.0036744e-03   6.5577236e-01
   7.4551515e-03   5.8796603e-01
  -1.6070118e-03   5.3128489e-01
   2.9410650e-03   4.6492267e-01
   7.5521247e-03   4.1629519e-01
  -2.4204499e-03   3.6881252e-01
  -1.5142062e-03   3.3527472e-01
  -9.3872858e-03   2.9361409e-01
   5.5201131e-03   2.5928693e-01
   8.0045258e-03   2.3490691e-01
  -1.9475475e-03   1.9720312e-01
  -6.3461422e-03   1.8522970e-01
  -1.1601384e-02   1.6521026e-01
  -3.0651007e-03   1.4572613e-01
  -7.6010896e-03   1.2250066e-01
   6.2352452e-03   1.1296440e-01
   6.3739262e-03   9.6289797e-02
  -9.1056987e-03   8.0697739e-02
   5.5641872e-04   7.7945369e-02
  -1.2946297e-02   6.0465539e-02
   2.3597160e-03   5.7997179e-02
  -9.9563798e-03   5.0281485e-02
  -1.4190695e-02   4.6771639e-02
  -1.7043808e-03   4.2739389e-02
  -1.5428677e-03   3.9843683e-02
  -2.0339575e-03   3.1013938e-02
  -1.3275884e-02   2.6860837e-02
   9.1854908e-04   2.0830761e-02
  -2.5805986e-03   2.5698027e-02
  -2.2122995e-03   1.2547285e-02
  -1.0442930e-02   1.1830880e-02
   6.4137967e-03   1.7255622e-02
  -4.2162460e-03   1.2876506e-02
  -4.8463247e-03   7.8694463e-03
   4.3712570e-03   1.0769204e-02
  -6.4659269e-04   2.9262290e-03
  -8.1650345e-03   1.5221820e-02
  -1.4022890e-02   6.3468396e-03
  -5.8017313e-03   1.0476334e-02
  -1.1925239e-03   2.3696267e-03
   6.4468300e-03   2.2282610e-03
  -7.4481500e-03   9.8794759e-03
  -4.3794070e-03   5.8127353e-03
  -4.9002062e-03   4.4362603e-03
  -1.2273757e-02   5.7972537e-05
  -1.3662093e-02   2.8998097e-03
  -4.9373587e-03   3.7802571e-03
  -5.9412729e-03  -2.2698887e-03
   8.3565507e-03   2.6643920e-03
  -4.5735435e-03   6.1310943e-03
   7.8446234e-03  -3.3749464e-03
  -6.7758369e-03   8.5546292e-03
   8.7775997e-03   4.9313001e-03
   4.7167104e-03   8.5947032e-03
   9.2445541e-03   3.2799524e-05
   1.4738073e-02  -4.8686431e-03
   2.8780952e-03   7.9941600e-03
   1.6788521e-02  -3.8196039e-03
   1.2345402e-02   7.1972341e-03
   1.1958363e-02  -3.8405530e-03
  -5.3981771e-03   2.0982252e-03
  -1.7940459e-03   2.9037742e-03
   1.9482123e-03  -1.0138769e-03
   6.5163055e-03   2.2322442e-03
  -4.7715810e-03   5.3715482e-03
  -5.9042069e-03  -2.0228256e-03
   6.8481298e-04  -6.0527657e-03
   1.5262095e-02  -4.6801962e-03
   2.2525866e-03  -1.5090816e-03
   3.9711450e-03  -1.6722912e-03
   1.6750977e-02  -4.8622592e-03
   3.4854440e-03  -5.6470647e-03
   9.3576924e-04   3.3354523e-04
   1.0964901e-02  -1.6624502e-03
  -4.0334439e-03   1.8367458e-03
   1.6940955e-02   2.8883161e-03
   3.9905656e-03  -1.1061788e-03
   1.6633112e-02  -7.2555335e-03
  -3.6834520e-03  -8.5923019e-03
  -2.3572063e-03   2.9521986e-03
  -2.3661283e-03   4.6891177e-04
   7.6035134e-03  -6.0900779e-03
   6.6277886e-03  -4.2216306e-03
  -5.4198631e-03  -3.9292055e-03
   1.4439661e-02   1.1160550e-03
   1.1510899e-03   1.8314560e-03
  -2.7882509e-03  -1.7097863e-03
  -4.0770468e-03  -1.9938684e-03
  -2.9543146e-03  -6.0159112e-03
  -1.7290360e-03  -4.6301511e-03
   1.0474127e-03  -2.8853103e-03
   1.2312888e-03  -6.3416979e-03
   2.3112212e-03  -3.3824454e-03
   1.1034414e-02  -2.7797265e-03
   1.5641185e-02  -2.7839091e-03
   6.5055108e-03  -1.0509240e-03
   8.1492252e-03  -2.1150148e-03
   6.9740773e-03  -2.0665732e-03
   8.0629234e-03  -1.0038687e-02
   1.3800758e-02  -3.3941271e-03
   1.5086686e-02   1.1733295e-03
   4.1038210e-03   1.2959484e-03
   9.8883254e-03  -7.5164696e-03
  -6.3375053e-06  -6.3540821e-03
   4.9952963e-03  -3.0383688e-03
  -3.1992043e-03  -9.3071513e-03
   9.7689861e-03   2.6165666e-03
   1.4800448e-02  -2.7376327e-03
   1.6437539e-03  -6.6190468e-03
   8.7393527e-03  -3.4971347e-03
   9.5486188e-03   1.3863116e-03
   3.5823980e-03   3.0145470e-03
  -5.5666603e-03  -5.6213218e-03
   1.3700144e-03   2.9094142e-04
   7.7339727e-03  -7.7258084e-03
   1.9382226e-03  -9.9207867e-06
   6.9279807e-03   2.9430669e-03
   1.6706967e-02   9.0256788e-04
  -1.3722351e-03   2.8743575e-03
  -5.0126636e-03  -4.5170831e-03
   1.3440538e-02  -6.3065856e-04
   2.8907387e-01  -5.8595104e-03
   2.7682164e-01   4.1391252e-04
   2.9345515e-01  -1.1844274e-03
   2.8733639e-01  -1.7433856e-03
   2.7692906e-01   4.5153452e-03
   2.9017670e-01  -4.1860626e-03
   2.9249965e-01   9.5954755e-03
   2.7818540e-01   8.0393470e-03
   2.8156363e-01   6.2378320e-03
   2.9014566e-01   1.0830465e-02
   2.9331221e-01   8.2504160e-03
   2.7444229e-01   1.4448163e-02
   2.8457244e-01   1.0182596e-02
   2.7753767e-01   1.0142975e-02
   2.8635144e-01   1.7776447e-02
   2.7689525e-01   1.3319113e-02
   2.9264365e-01   1.7158021e-02
   2.7416216e-01   2.1920137e-02
   2.7390864e-01   1.7379596e-02
   2.7612510e-01   1.9616309e-02
   2.9275109e-01   1.6958718e-02
   2.8190594e-01   2.5565625e-02
   2.7831112e-01   1.9652067e-02
   2.8277905e-01   2.0653321e-02
   2.7815617e-01   2.9296337e-02
   2.8114947e-01   2.0938508e-02
   2.8245892e-01   3.0488786e-02
   2.9439527e-01   2.7696327e-02
   2.7417848e-01   2.9242210e-02
   2.8128580e-01   3.2402624e-02
   2.7282311e-01   2.8467129e-02
   2.9008809e-01   2.5836824e-02
   2.8794569e-01   3.0953852e-02
   2.8654822e-01   2.3457899e-02
   2.7344154e-01   2.1727448e-02
   2.7127931e-01   3.2355897e-02
   2.9394336e-01   2.7404132e-02
   2.9167390e-01   2.0404841e-02
   2.9398721e-01   2.4987418e-02
   2.7423871e-01   3.3277879e-02
   2.9042087e-01   3.1356137e-02
   2.9136211e-01   3.0163055e-02
   2.7590267e-01   2.0975945e-02
   2.7721433e-01   2.0451660e-02
   2.8029000e-01   2.7449127e-02
   2.7608288e-01   2.7690274e-02
   2.8885808e-01   2.3310685e-02
   2.8233083e-01   2.8775906e-02
   2.8537133e-01   3.1233792e-02
   2.8934658e-01   2.4169003e-02
   2.8729448e-01   2.4946469e-02
   2.8232626e-01   2.0535844e-02
   2.8676485e-01   3.3089041e-02
   2.8235713e-01   2.4760815e-02
   2.7765307e-01   3.3001202e-02
   2.8857662e-01   3.0052021e-02
   2.7376436e-01   2.9703054e-02
   2.7773129e-01   2.6917610e-02
   2.8913722e-01   2.2891876e-02
   2.9142585e-01   3.2037185e-02
   2.8788095e-01   2.7808906e-02
   2.8155566e-01   3.0174146e-02
   2.8713522e-01   3.0331789e-02
   2.8608741e-01   2.8857536e-02
   2.8355243e-01   3.4102805e-02
   2.7672685e-01   2.8627474e-02
   2.8904298e-01   3.1177498e-02
   2.8237232e-01   2.6588971e-02
   2.8201987e-01   2.9027488e-02
  -5.1548414e-01   2.9408990e-02
  -4.9586754e-01   2.2746444e-02
  -4.9556257e-01   4.6892860e-02
  -5.0873588e-01   6.6668774e-02
  -4.9722027e-01   9.7490445e-02
  -5.1793275e-01   1.4597499e-01
  -4.9589334e-01   1.9054463e-01
  -5.1585594e-01   2.3444196e-01
  -4.9642743e-01   2.7212258e-01
  -5.1023588e-01   3.1616691e-01
  -4.9606667e-01   3.5938079e-01
  -5.1584950e-01   3.9602574e-01
  -5.1231171e-01   4.3615789e-01
  -5.1012280e-01   4.6585418e-01
  -4.9793175e-01   5.0092369e-01
  -5.1495578e-01   5.2966497e-01
  -5.1158560e-01   5.5121577e-01
  -4.9819199e-01   5.8291926e-01
  -5.0769966e-01   5.9792516e-01
  -5.1363537e-01   6.2190858e-01
  -4.9547244e-01   6.4095287e-01
  -4.9567060e-01   6.5654492e-01
  -5.1825104e-01   6.7038031e-01
  -5.0754622e-01   6.9317290e-01
  -5.0723218e-01   6.9370398e-01
  -5.1864241e-01   7.0354069e-01
  -5.0315394e-01   7.2642441e-01
  -5.1392515e-01   7.2299393e-01
  -5.0819751e-01   7.3680903e-01
  -4.9553460e-01   7.4095702e-01
  -5.0987734e-01   7.4336257e-01
  -5.0991254e-01   7.5079898e-01
  -5.1926948e-01   7.5695989e-01
  -5.1679786e-01   7.6230554e-01
  -5.1552414e-01   7.6179573e-01
  -5.1609957e-01   7.6773506e-01
  -5.1826883e-01   7.8040956e-01
  -5.1243226e-01   7.7474171e-01
  -4.9581129e-01   7.7182251e-01
  -5.0312119e-01   7.7555505e-01
  -4.9931857e-01   7.8287586e-01
  -5.0650147e-01   7.7825434e-01
  -4.9930596e-01   7.8773727e-01
  -5.1664452e-01   7.8700709e-01
  -5.0048257e-01   7.8548077e-01
  -4.9584866e-01   7.8988020e-01
  -4.9625951e-01   7.8662808e-01
  -5.0082034e-01   7.9075258e-01
  -5.0094194e-01   7.9166129e-01
  -4.9718431e-01   7.9063328e-01
  -4.9714618e-01   7.9780062e-01
  -5.0285940e-01   7.9231668e-01
  -5.0572818e-01   7.8949977e-01
  -5.1564187e-01   7.9087824e-01
  -5.1531342e-01   7.9740512e-01
  -5.1421952e-01   7.8957268e-01
  -5.0108654e-01   7.9878342e-01
  -5.1467942e-01   7.8769853e-01
  -4.9582050e-01   7.9311602e-01
  -5.1756415e-01   7.9168764e-01
  -5.0733487e-01   7.8700205e-01
  -5.1153430e-01   7.9487145e-01
  -4.9677052e-01   7.9459855e-01
  -5.1370526e-01   7.9605899e-01
  -4.9899186e-01   7.9950728e-01
  -5.1777206e-01   7.9030260e-01
  -5.0314959e-01   7.9721952e-01
  -5.0714965e-01   7.8936089e-01
  -5.0067480e-01   7.9788753e-01
   9.5308732e-01   7.9813621e-01
   9.5533057e-01   7.8738059e-01
   9.6904329e-01   8.5671336e-01
   9.6291446e-01   9.4077417e-01
   9.5547997e-01   1.0655885e+00
   9.6799548e-01   1.2195360e+00
   9.7107572e-01   1.3581783e+00
   9.6551516e-01   1.5260756e+00
   9.5500723e-01   1.6708778e+00
   9.5436215e-01   1.8289625e+00
   9.5759619e-01   1.9745734e+00
   9.7014717e-01   2.1214947e+00
   9.4895022e-01   2.2481601e+00
   9.7265783e-01   2.3792476e+00
   9.6653695e-01   2.4885509e+00
   9.5693151e-01   2.5941784e+00
   9.5556970e-01   2.6972044e+00
   9.6436880e-01   2.7858540e+00
   9.7007875e-01   2.8701649e+00
   9.5439400e-01   2.9447115e+00
   9.5061719e-01   3.0116781e+00
   9.5835366e-01   3.0622620e+00
   9.5022435e-01   3.1239689e+00
   9.6633548e-01   3.1643587e+00
   9.6739471e-01   3.2070988e+00
   9.6467208e-01   3.2477994e+00
   9.6375367e-01   3.2873154e+00
   9.5929333e-01   3.3183769e+00
   9.6849265e-01   3.3389775e+00
   9.5810238e-01   3.3756007e+00
   9.7201367e-01   3.3869048e+00
   9.5777042e-01   3.4164516e+00
   9.6752553e-01   3.4323918e+00
   9.5391969e-01   3.4492051e+00
   9.5753539e-01   3.4610966e+00
   9.6328534e-01   3.4730687e+00
   9.6936977e-01   3.4811431e+00
   9.7036035e-01   3.4869634e+00
   9.5731374e-01   3.4993027e+00
   9.4935026e-01   3.4988845e+00
   9.5128481e-01   3.5103890e+00
   9.5945999e-01   3.5177604e+00
   9.6770524e-01   3.5147892e+00
   9.5836891e-01   3.5219707e+00
   9.6823442e-01   3.5266798e+00
   9.5652901e-01   3.5293809e+00
   9.5988799e-01   3.5297277e+00
   9.4946798e-01   3.5375401e+00
   9.6682257e-01   3.5342456e+00
   9.5816827e-01   3.5468520e+00
   9.6887909e-01   3.5469155e+00
   9.5400501e-01   3.5434233e+00
   9.6204515e-01   3.5485189e+00
   9.6489339e-01   3.5524819e+00
   9.5030759e-01   3.5470626e+00
   9.5883714e-01   3.5475331e+00
   9.5313073e-01   3.5447483e+00
   9.5734484e-01   3.5527462e+00
   9.6948717e-01   3.5444288e+00
   9.6986636e-01   3.5507379e+00
   9.5120002e-01   3.5521745e+00
   9.7032547e-01   3.5509090e+00
   9.6211121e-01   3.5504721e+00
   9.6613896e-01   3.5468100e+00
   9.6523052e-01   3.5563557e+00
   9.6930727e-01   3.5549587e+00
   9.6604823e-01   3.5484905e+00
   9.6364032e-01   3.5524571e+00
   9.5250027e-01   3.5482248e+00
   3.7299964e-01   3.5471899e+00
   3.7599943e-01   3.5475867e+00
   3.7581493e-01   3.4883263e+00
   3.7171297e-01   3.3705874e+00
   3.7973886e-01   3.2186567e+00
   3.8929600e-01   3.0405292e+00
   3.7286498e-01   2.8497996e+00
   3.6720581e-01   2.6563313e+00
   3.8134981e-01   2.4653323e+00
   3.8261071e-01   2.2830110e+00
   3.7638886e-01   2.1028565e+00
   3.6725990e-01   1.9212236e+00
   3.8091841e-01   1.7666524e+00
   3.8755917e-01   1.6065005e+00
   3.8590464e-01   1.4616799e+00
   3.7124047e-01   1.3326179e+00
   3.6935487e-01   1.2211755e+00
   3.7626222e-01   1.1147774e+00
   3.8261057e-01   1.0127060e+00
   3.8998638e-01   9.1892152e-01
   3.7463395e-01   8.3822690e-01
   3.7066759e-01   7.6302701e-01
   3.6993535e-01   6.8954659e-01
   3.7595214e-01   6.3844330e-01
   3.8789759e-01   5.8371673e-01
   3.8043800e-01   5.3559442e-01
   3.7439485e-01   4.9493475e-01
   3.8203197e-01   4.5836912e-01
   3.8820997e-01   4.2315455e-01
   3.8759458e-01   3.8503327e-01
   3.8906991e-01   3.6622983e-01
   3.7309581e-01   3.4252694e-01
   3.6770465e-01   3.1160387e-01
   3.8910682e-01   2.9547992e-01
   3.8514769e-01   2.7993562e-01
   3.8654189e-01   2.6819333e-01
   3.7800609e-01   2.6010628e-01
   3.7767949e-01   2.3794991e-01
   3.7941358e-01   2.3752890e-01
   3.8865454e-01   2.2550734e-01
   3.8502373e-01   2.2353105e-01
   3.7020073e-01   2.1639003e-01
   3.7010342e-01   2.0118979e-01
   3.7609195e-01   1.9523204e-01
   3.8747467e-01   1.9630799e-01
   3.8814204e-01   1.8929690e-01
   3.8545484e-01   1.8690564e-01
   3.7364285e-01   1.8840847e-01
   3.6743564e-01   1.7690237e-01
   3.7743408e-01   1.7390117e-01
   3.8789489e-01   1.8071445e-01
   3.8004196e-01   1.7149252e-01
   3.7669002e-01   1.7691053e-01
   3.8348909e-01   1.7274161e-01
   3.7447791e-01   1.6737532e-01
   3.6951705e-01   1.7188982e-01
   3.8393257e-01   1.7364344e-01
   3.8670255e-01   1.6235909e-01
   3.7413721e-01   1.7406160e-01
   3.7506534e-01   1.6962003e-01
   3.7275608e-01   1.5973093e-01
   3.7341856e-01   1.6359530e-01
   3.7896465e-01   1.6462824e-01
   3.6931353e-01   1.6401718e-01
   3.8269241e-01   1.6591115e-01
   3.8005519e-01   1.6130439e-01
   3.8699090e-01   1.6469274e-01
   3.7681669e-01   1.6426064e-01
   3.7895331e-01   1.5983800e-01
  -5.7988128e-01   1.6998837e-01
  -5.7298136e-01   1.6142383e-01
  -5.6903580e-01   1.7870049e-01
  -5.7780115e-01   2.0659650e-01
  -5.8102262e-01   2.4704931e-01
  -5.7403937e-01   2.8414785e-01
  -5.8035154e-01   3.2449046e-01
  -5.7784341e-01   3.7030826e-01
  -5.6898382e-01   4.1551296e-01
  -5.6719824e-01   4.6075445e-01
  -5.7676744e-01   4.9592623e-01
  -5.8034689e-01   5.4430385e-01
  -5.5997296e-01   5.7697153e-01
  -5.8045147e-01   6.2309083e-01
  -5.7652250e-01   6.4868375e-01
  -5.6997787e-01   6.8199828e-01
  -5.7765006e-01   7.1131745e-01
  -5.6693676e-01   7.2867767e-01
  -5.6165226e-01   7.6344179e-01
  -5.7808370e-01   7.7524851e-01
  -5.6938331e-01   7.9660538e-01
  -5.8218941e-01   8.1957193e-01
  -5.6371003e-01   8.2440662e-01
  -5.7615442e-01   8.4362962e-01
  -5.6525869e-01   8.5083407e-01
  -5.7570360e-01   8.6254802e-01
  -5.6264279e-01   8.8360966e-01
  -5.6262767e-01   8.8291791e-01
  -5.7936116e-01   8.9929741e-01
  -5.8025763e-01   8.9996279e-01
  -5.7232306e-01   9.0453861e-01
  -5.6990736e-01   9.1188085e-01
  -5.8108276e-01   9.2500452e-01
  -5.7247794e-01   9.2890307e-01
  -5.6919689e-01   9.2535437e-01
  -5.6203411e-01   9.3445468e-01
  -5.6639747e-01   9.3889530e-01
  -5.7374427e-01   9.3611369e-01
  -5.6362617e-01   9.4213167e-01
  -5.7766170e-01   9.3358107e-01
  -5.7744598e-01   9.4244323e-01
  -5.8078029e-01   9.4279012e-01
  -5.6535023e-01   9.5047589e-01
  -5.6725742e-01   9.4503016e-01
  -5.6062386e-01   9.5260970e-01
  -5.6681085e-01   9.4114034e-01
  -5.6337797e-01   9.5093884e-01
  -5.6399487e-01   9.4994443e-01
  -5.7461162e-01   9.5469151e-01
  -5.7731082e-01   9.5612875e-01
  -5.6689452e-01   9.4952000e-01
  -5.7464839e-01   9.5649243e-01
  -5.5877077e-01   9.5849490e-01
  -5.6882465e-01   9.5879809e-01
  -5.7306889e-01   9.5494334e-01
  -5.7940511e-01   9.5203249e-01
  -5.7291961e-01   9.4619267e-01
  -5.8019817e-01   9.5558604e-01
  -5.8145268e-01   9.4997836e-01
  -5.5911670e-01   9.5341584e-01
  -5.7130793e-01   9.4866042e-01
  -5.7552739e-01   9.5294195e-01
  -5.7250867e-01   9.4797224e-01
  -5.5885265e-01   9.6034948e-01
  -5.6377287e-01   9.5202915e-01
  -5.7738964e-01   9.5247984e-01
  -5.7649566e-01   9.4866244e-01
  -5.7167103e-01   9.4731801e-01
  -5.6586709e-01   9.5915104e-01
  -1.2555598e-01   9.5959052e-01
  -1.2525347e-01   9.5473879e-01
  -1.1235309e-01   9.3894225e-01
  -1.1403360e-01   9.0905065e-01
  -1.1833237e-01   8.7499930e-01
  -1.1913868e-01   8.2741450e-01
  -1.1605826e-01   7.8269181e-01
  -1.3510589e-01   7.2711657e-01
  -1.2338372e-01   6.8323370e-01
  -1.3586529e-01   6.4271566e-01
  -1.2223312e-01   5.8981043e-01
  -1.2235005e-01   5.5111528e-01
  -1.2203991e-01   5.1304133e-01
  -1.3214867e-01   4.6636553e-01
  -1.2110492e-01   4.3619270e-01
  -1.2542792e-01   4.1068864e-01
  -1.1497161e-01   3.7553733e-01
  -1.1787628e-01   3.4759828e-01
  -1.2238144e-01   3.1846780e-01
  -1.1980307e-01   3.0508571e-01
  -1.3484103e-01   2.7794836e-01
  -1.1438718e-01   2.6634448e-01
  -1.1887059e-01   2.4721077e-01
  -1.2871270e-01   2.3559738e-01
  -1.3467442e-01   2.1482877e-01
  -1.2436099e-01   2.0225751e-01
  -1.1400064e-01   1.8949164e-01
  -1.2459535e-01   1.8133837e-01
  -1.3109606e-01   1.7486305e-01
  -1.2795496e-01   1.7419843e-01
  -1.2349536e-01   1.5648140e-01
  -1.1865210e-01   1.5839463e-01
  -1.1375658e-01   1.4914892e-01
  -1.3564888e-01   1.4397624e-01
  -1.1430224e-01   1.3871266e-01
  -1.2126677e-01   1.4181544e-01
  -1.2866060e-01   1.3003534e-01
  -1.2679730e-01   1.3296963e-01
  -1.1891515e-01   1.2608329e-01
  -1.2170793e-01   1.2943379e-01
  -1.2393094e-01   1.3322615e-01
  -1.2681633e-01   1.2942102e-01
  -1.3400116e-01   1.3020644e-01
  -1.1407992e-01   1.2077986e-01
  -1.2597678e-01   1.1931616e-01
  -1.2889878e-01   1.2062970e-01
  -1.3332123e-01   1.1786651e-01
  -1.3283376e-01   1.1371665e-01
  -1.3262821e-01   1.1588810e-01
  -1.3048403e-01   1.2424564e-01
  -1.2352941e-01   1.1623305e-01
  -1.1547382e-01   1.1538684e-01
  -1.2265132e-01   1.1468522e-01
  -1.2800416e-01   1.1721119e-01
  -1.1720354e-01   1.1639474e-01
  -1.1353812e-01   1.1696678e-01
  -1.2311422e-01   1.1055132e-01
  -1.1279450e-01   1.1753336e-01
  -1.3485369e-01   1.1225770e-01
  -1.1961180e-01   1.1642848e-01
  -1.2782089e-01   1.0963864e-01
  -1.1973233e-01   1.1867729e-01
  -1.1590842e-01   1.2039942e-01
  -1.1339180e-01   1.1836569e-01
  -1.1555561e-01   1.1778852e-01
  -1.2678413e-01   1.1743430e-01
  -1.2585742e-01   1.0995060e-01
  -1.1937984e-01   1.1815893e-01
  -1.1626790e-01   1.1661393e-01
  -8.6219917e-01   1.0698972e-01
  -8.5820332e-01   1.1759050e-01
  -8.6315651e-01   1.4892426e-01
  -8.6010116e-01   2.0686270e-01
  -8.5732582e-01   3.0007612e-01
  -8.6178286e-01   3.9211205e-01
  -8.6370574e-01   4.7832182e-01
  -8.5926572e-01   5.9038114e-01
  -8.6746977e-01   6.9373655e-01
  -8.6642645e-01   7.8424533e-01
  -8.5531375e-01   8.8093199e-01
  -8.5456958e-01   9.7838795e-01
  -8.6409465e-01   1.0589390e+00
  -8.6388115e-01   1.1462239e+00
  -8.5096723e-01   1.2210752e+00
  -8.6694395e-01   1.2913586e+00
  -8.5449583e-01   1.3570683e+00
  -8.4953775e-01   1.4118050e+00
  -8.6317396e-01   1.4644109e+00
  -8.4958062e-01   1.5110359e+00
  -8.5009531e-01   1.5506845e+00
  -8.5443350e-01   1.5948007e+00
  -8.6500368e-01   1.6205352e+00
  -8.4753590e-01   1.6518257e+00
  -8.4508562e-01   1.6893963e+00
  -8.4923526e-01   1.7109177e+00
  -8.5481744e-01   1.7292866e+00
  -8.6183277e-01   1.7560750e+00
  -8.5033288e-01   1.7664587e+00
  -8.5527445e-01   1.7958003e+00
  -8.5908716e-01   1.8060513e+00
  -8.5148797e-01   1.8136361e+00
  -8.6778323e-01   1.8229141e+00
  -8.6340490e-01   1.8400767e+00
  -8.4693749e-01   1.8447544e+00
  -8.4500761e-01   1.8509410e+00
  -8.5934573e-01   1.8653560e+00
  -8.4896029e-01   1.8703013e+00
  -8.5956262e-01   1.8749269e+00
  -8.5074931e-01   1.8778698e+00
  -8.5272730e-01   1.8798899e+00
  -8.5882012e-01   1.8779567e+00
  -8.5330764e-01   1.8824495e+00
  -8.6501718e-01   1.8929443e+00
  -8.5988127e-01   1.8855205e+00
  -8.5368368e-01   1.8875535e+00
  -8.5909331e-01   1.8922884e+00
  -8.4920194e-01   1.8927589e+00
  -8.5953937e-01   1.8979010e+00
  -8.4881396e-01   1.8968250e+00
  -8.5817568e-01   1.9026801e+00
  -8.6262531e-01   1.9081269e+00
  -8.6651972e-01   1.8990414e+00
  -8.5842889e-01   1.9018278e+00
  -8.5319906e-01   1.9041997e+00
  -8.5139596e-01   1.9021396e+00
  -8.5339397e-01   1.9119427e+00
  -8.5203458e-01   1.9130502e+00
  -8.5592700e-01   1.8997004e+00
  -8.4547343e-01   1.9043003e+00
  -8.5441603e-01   1.9062045e+00
  -8.6383095e-01   1.9007215e+00
  -8.5568881e-01   1.9011959e+00
  -8.6003830e-01   1.9131189e+00
  -8.5493302e-01   1.9125435e+00
  -8.5175618e-01   1.9087156e+00
  -8.4734393e-01   1.9042668e+00
  -8.6422360e-01   1.9116470e+00
  -8.6505533e-01   1.9091109e+00
  -2.8206428e-01   1.9147183e+00
  -2.9577927e-01   1.9149185e+00
  -2.9969085e-01   1.8746090e+00
  -3.0015605e-01   1.8295116e+00
  -2.8301170e-01   1.7557066e+00
  -2.8030184e-01   1.6737227e+00
  -2.7945264e-01   1.5841129e+00
  -2.9033880e-01   1.5029595e+00
  -2.9305465e-01   1.4172868e+00
  -2.9510984e-01   1.3181057e+00
  -2.9278717e-01   1.2337615e+00
  -2.8416387e-01   1.1654159e+00
  -2.9202278e-01   1.0819381e+00
  -2.8398530e-01   1.0139634e+00
  -2.7879110e-01   9.4969573e-01
  -2.8904007e-01   8.9276943e-01
  -2.9659286e-01   8.3214043e-01
  -2.8634763e-01   7.8531676e-01
  -2.9988022e-01   7.3631593e-01
  -2.9126681e-01   7.0487559e-01
  -2.8244786e-01   6.5905162e-01
  -2.8893982e-01   6.2371828e-01
  -2.7967191e-01   5.9777308e-01
  -3.0252364e-01   5.7110810e-01
  -2.9312639e-01   5.4174341e-01
  -2.8132326e-01   5.2159891e-01
  -2.9842027e-01   4.9933787e-01
  -2.8613778e-01   4.9047355e-01
  -2.8512312e-01   4.6453690e-01
  -2.8187920e-01   4.5492878e-01
  -2.9003047e-01   4.3814418e-01
  -2.8510154e-01   4.3252960e-01
  -2.7921623e-01   4.2411346e-01
  -2.9235042e-01   4.1871020e-01
  -2.8933432e-01   4.0082485e-01
  -2.9520022e-01   4.0437847e-01
  -2.9586371e-01   3.9370860e-01
  -3.0106346e-01   3.8325557e-01
  -2.9256084e-01   3.8488953e-01
  -2.8461082e-01   3.8305212e-01
  -2.9310319e-01   3.7058307e-01
  -2.9507063e-01   3.7951370e-01
  -2.8650304e-01   3.7088960e-01
  -2.9448204e-01   3.6679552e-01
  -2.9593562e-01   3.6939824e-01
  -2.9222327e-01   3.6372086e-01
  -2.7995452e-01   3.6537105e-01
  -2.8817048e-01   3.5637758e-01
  -2.8517310e-01   3.5983607e-01
  -2.9458384e-01   3.5562987e-01
  -2.9672864e-01   3.6271685e-01
  -2.8088865e-01   3.5060940e-01
  -2.8913457e-01   3.5251291e-01
  -2.8788724e-01   3.5690819e-01
  -2.9687541e-01   3.5690808e-01
  -2.9745088e-01   3.4849743e-01
  -2.8383672e-01   3.5800636e-01
  -2.8184083e-01   3.5449759e-01
  -3.0024607e-01   3.5768173e-01
  -3.0001338e-01   3.4806878e-01
  -2.8609000e-01   3.4803443e-01
  -2.9932471e-01   3.5793935e-01
  -2.8487772e-01   3.5801897e-01
  -2.8345952e-01   3.4940976e-01
  -3.0086104e-01   3.4874437e-01
  -3.0152981e-01   3.5267270e-01
  -3.0027982e-01   3.4990213e-01
  -2.9656328e-01   3.5736933e-01
  -2.8122628e-01   3.5794636e-01
  -4.2086177e-01   3.5266738e-01
  -4.0506352e-01   3.5525542e-01
  -4.1135713e-01   3.6255088e-01
  -4.1149585e-01   3.5913439e-01
  -4.1755924e-01   3.7080445e-01
  -3.9894512e-01   3.9034195e-01
  -4.0298250e-01   4.0122798e-01
  -4.0114950e-01   4.1269072e-01
  -4.1391035e-01   4.2751774e-01
  -4.1572763e-01   4.3954632e-01
  -3.9936648e-01   4.4495986e-01
  -4.0189804e-01   4.5482440e-01
  -4.1442953e-01   4.7453950e-01
  -4.1314407e-01   4.7960419e-01
  -4.0643670e-01   4.9163555e-01
  -4.0052115e-01   5.0085778e-01
  -3.9990873e-01   5.0543154e-01
  -4.1361214e-01   5.1609092e-01
  -4.0758803e-01   5.2325311e-01
  -3.9888257e-01   5.2218146e-01
  -4.2040574e-01   5.3576250e-01
  -4.1795673e-01   5.4111352e-01
  -4.0579372e-01   5.4373446e-01
  -4.0389173e-01   5.4710690e-01
  -4.1012562e-01   5.5087979e-01
  -4.2009263e-01   5.4640452e-01
  -4.1799758e-01   5.5423432e-01
  -4.0068079e-01   5.6037694e-01
  -4.0095222e-01   5.6577613e-01
  -4.2079957e-01   5.5950987e-01
  -4.1885553e-01   5.6071499e-01
  -4.1999278e-01   5.6952195e-01
  -4.0788276e-01   5.7304271e-01
  -4.0164796e-01   5.7285626e-01
  -4.0604203e-01   5.6634790e-01
  -4.1956638e-01   5.7473962e-01
  -4.0331215e-01   5.7070942e-01
  -4.2073827e-01   5.6630844e-01
  -4.0145659e-01   5.7006944e-01
  -4.2087076e-01   5.8018591e-01
  -4.2149012e-01   5.7374079e-01
  -4.1295030e-01   5.7080071e-01
  -4.1326609e-01   5.7298439e-01
  -4.0584266e-01   5.6856961e-01
  -4.1735996e-01   5.8179814e-01
  -4.0996606e-01   5.7591786e-01
  -4.0911083e-01   5.7588050e-01
  -4.0047274e-01   5.7430239e-01
  -4.1208292e-01   5.7353268e-01
  -4.1276190e-01   5.7439285e-01
  -4.2102731e-01   5.7719369e-01
  -4.0022780e-01   5.7836253e-01
  -4.1633595e-01   5.7179203e-01
  -4.0397938e-01   5.7513666e-01
  -4.0845297e-01   5.7288380e-01
  -3.9929990e-01   5.7198189e-01
  -4.0093874e-01   5.7226713e-01
  -4.0280615e-01   5.8230780e-01
  -4.1820141e-01   5.7679577e-01
  -4.0175304e-01   5.7255076e-01
  -4.2093737e-01   5.8409459e-01
  -4.0369314e-01   5.8342732e-01
  -4.1626223e-01   5.7700982e-01
  -4.1745865e-01   5.7765099e-01
  -4.1368976e-01   5.7625333e-01
  -4.0433555e-01   5.7476424e-01
  -4.1891631e-01   5.7432629e-01
  -4.0519984e-01   5.8167537e-01
  -4.0246199e-01   5.7239268e-01
   3.5349953e-01   5.7107077e-01
   3.6966620e-01   5.7720395e-01
   3.5824702e-01   5.6193805e-01
   3.6493191e-01   5.5186553e-01
   3.5272556e-01   5.3108944e-01
   3.6153904e-01   5.1182144e-01
   3.6796395e-01   4.8220085e-01
   3.6005949e-01   4.5818008e-01
   3.6478472e-01   4.4132506e-01
   3.5891827e-01   4.0926041e-01
   3.5581130e-01   3.9125630e-01
   3.6812181e-01   3.6991019e-01
   3.5972044e-01   3.4596282e-01
   3.5482553e-01   3.2852693e-01
   3.7526492e-01   3.0473494e-01
   3.6389270e-01   2.9420547e-01
   3.7416811e-01   2.7254226e-01
   3.7618926e-01   2.6517733e-01
   3.6851794e-01   2.5013159e-01
   3.6944316e-01   2.4194619e-01
   3.7647633e-01   2.1832163e-01
   3.5897079e-01   2.1482243e-01
   3.6246884e-01   2.1012603e-01
   3.5860961e-01   1.9756712e-01
   3.6193335e-01   1.9781605e-01
   3.7522958e-01   1.8201614e-01
   3.5910383e-01   1.7612714e-01
   3.7067295e-01   1.7146996e-01
   3.6004185e-01   1.7402013e-01
   3.6117896e-01   1.7286810e-01
   3.6300555e-01   1.6086012e-01
   3.5619132e-01   1.6171067e-01
   3.6014027e-01   1.5883614e-01
   3.6846624e-01   1.6078142e-01
   3.5502937e-01   1.5478464e-01
   3.5563699e-01   1.5692670e-01
   3.5705007e-01   1.5647561e-01
   3.5977817e-01   1.4808850e-01
   3.5854620e-01   1.4439929e-01
   3.5489864e-01   1.4824836e-01
   3.5909652e-01   1.4738945e-01
   3.6777806e-01   1.4417812e-01
   3.6689703e-01   1.3694801e-01
   3.7119225e-01   1.3746250e-01
   3.7059835e-01   1.4585448e-01
   3.5645736e-01   1.3596753e-01
   3.6120091e-01   1.3842869e-01
   3.6905349e-01   1.4366979e-01
   3.6248693e-01   1.3789415e-01
   3.7410937e-01   1.3311705e-01
   3.6138111e-01   1.4624559e-01
   3.6409002e-01   1.3481238e-01
   3.6032880e-01   1.4316032e-01
   3.7315623e-01   1.3706785e-01
   3.6382594e-01   1.3281861e-01
   3.5416452e-01   1.3819477e-01
   3.7159640e-01   1.4478403e-01
   3.5851012e-01   1.3827218e-01
   3.6009117e-01   1.4489204e-01
   3.6206718e-01   1.3402047e-01
   3.6697559e-01   1.4224917e-01
   3.5308312e-01   1.3447794e-01
   3.6227334e-01   1.3217670e-01
   3.6917488e-01   1.3598781e-01
   3.7358198e-01   1.3632240e-01
   3.6608683e-01   1.3196277e-01
   3.7097959e-01   1.3227453e-01
   3.7523268e-01   1.4420883e-01
   3.7266441e-01   1.4054663e-01
  -5.7189231e-01   1.4418815e-01
  -5.8903871e-01   1.3388690e-01
  -5.8811281e-01   1.4975926e-01
  -5.7336127e-01   1.8023268e-01
  -5.9373620e-01   2.2932172e-01
  -5.8738018e-01   2.7299323e-01
  -5.7995031e-01   3.0778633e-01
  -5.8030271e-01   3.6599036e-01
  -5.7789236e-01   4.1631057e-01
  -5.8256542e-01   4.6317447e-01
  -5.8202087e-01   4.9725262e-01
  -5.9112574e-01   5.4713553e-01
  -5.8141921e-01   5.8369578e-01
  -5.9128467e-01   6.2613632e-01
  -5.9375073e-01   6.5385637e-01
  -5.8306320e-01   6.8746234e-01
  -5.9007507e-01   7.1690902e-01
  -5.7585997e-01   7.4574487e-01
  -5.7974180e-01   7.7166568e-01
  -5.9399816e-01   7.9966876e-01
  -5.7089633e-01   8.2128802e-01
  -5.9256683e-01   8.3978306e-01
  -5.8279192e-01   8.5930286e-01
  -5.7332933e-01   8.6682396e-01
  -5.8760176e-01   8.8449223e-01
  -5.8519358e-01   8.9735513e-01
  -5.9118554e-01   8.9703595e-01
  -5.9180082e-01   9.1438624e-01
  -5.9104327e-01   9.1704244e-01
  -5.8328980e-01   9.3317492e-01
  -5.9168504e-01   9.3413038e-01
  -5.8053709e-01   9.4338489e-01
  -5.7345493e-01   9.4328109e-01
  -5.8835330e-01   9.5555805e-01
  -5.7639378e-01   9.5649061e-01
  -5.7875729e-01   9.5639840e-01
  -5.8575408e-01   9.6385313e-01
  -5.9154283e-01   9.7102217e-01
  -5.7947494e-01   9.6177840e-01
  -5.7564531e-01   9.6575833e-01
  -5.8853699e-01   9.7196962e-01
  -5.7193383e-01   9.7516009e-01
  -5.7342474e-01   9.7376372e-01
  -5.8741091e-01   9.7221555e-01
  -5.9000433e-01   9.8053553e-01
  -5.7594433e-01   9.7891518e-01
  -5.8808251e-01   9.7589405e-01
  -5.8566387e-01   9.7426027e-01
  -5.8983826e-01   9.8076893e-01
  -5.8782782e-01   9.7503606e-01
  -5.7589768e-01   9.8356635e-01
  -5.8292946e-01   9.7992182e-01
  -5.9224893e-01   9.8326139e-01
  -5.7398155e-01   9.7831990e-01
  -5.9375113e-01   9.8703784e-01
  -5.8840698e-01   9.8447736e-01
  -5.9391140e-01   9.7870602e-01
  -5.9111072e-01   9.8834597e-01
  -5.7365950e-01   9.8992412e-01
  -5.7763191e-01   9.8994839e-01
  -5.7150173e-01   9.8800196e-01
  -5.9362086e-01   9.9071870e-01
  -5.8222104e-01   9.7985609e-01
  -5.8257389e-01   9.8798973e-01
  -5.9105682e-01   9.9041321e-01
  -5.7143044e-01   9.8865878e-01
  -5.8157245e-01   9.8192717e-01
  -5.8985600e-01   9.9138481e-01
  -5.8561504e-01   9.8564899e-01
  -9.5236335e-03   9.8161284e-01
  -1.7104262e-02   9.7878416e-01
  -1.3040364e-02   9.6408321e-01
  -1.4572327e-02   9.3547701e-01
  -1.0793091e-02   8.9174321e-01
  -3.7456130e-03   8.3647072e-01
  -4.7005227e-03   7.8232010e-01
  -1.2575936e-02   7.2837333e-01
  -2.4688783e-02   6.6993570e-01
  -6.7636591e-03   6.2033918e-01
  -2.5819667e-02   5.6710867e-01
  -1.5013864e-02   5.1163637e-01
  -8.8855394e-03   4.7286068e-01
  -1.4529212e-02   4.2252800e-01
  -2.5825105e-02   3.8780926e-01
  -7.4619748e-03   3.5191245e-01
  -7.1411262e-03   3.1659598e-01
  -1.3943876e-02   2.7637341e-01
  -1.8109910e-02   2.4956146e-01
  -1.4332268e-02   2.2072374e-01
  -2.4224218e-02   2.0697726e-01
  -1.4055658e-02   1.7544284e-01
  -1.8555822e-02   1.6618721e-01
  -9.9363295e-03   1.4382352e-01
  -1.0812546e-02   1.2958605e-01
  -2.4535931e-03   1.1080491e-01
  -1.9383142e-02   1.0254656e-01
  -9.5983328e-03   9.8196262e-02
  -1.3328996e-02   8.1430751e-02
  -1.2516484e-02   6.9645233e-02
  -8.1613108e-03   6.1851976e-02
  -1.3939728e-02   5.8017646e-02
  -1.4306969e-02   5.3898571e-02
  -1.3285954e-02   4.5144713e-02
  -1.4615084e-02   4.7834507e-02
  -6.1332809e-03   3.6140809e-02
  -2.0545760e-02   3.1715844e-02
  -9.3277955e-03   3.4774628e-02
  -1.0069218e-02   3.1464932e-02
  -2.5727973e-02   2.9213381e-02
  -2.2765159e-02   2.1714989e-02
  -7.0892647e-03   2.2518264e-02
  -2.3321405e-02   1.7342032e-02
  -2.0227000e-02   1.8016503e-02
  -8.0077443e-03   1.8766293e-02
  -2.5978212e-03   1.1807678e-02
  -1.2209571e-02   1.4416588e-02
  -1.1345111e-02   2.2189468e-02
  -2.4762519e-02   2.0254558e-02
  -1.6260336e-02   9.3118095e-03
  -1.3694459e-02   1.1437171e-02
  -1.9618023e-02   1.0447854e-02
  -2.1791786e-02   1.8414645e-02
  -2.4359240e-02   1.1480656e-02
  -1.5358128e-02   1.5671960e-02
  -1.2609052e-02   9.7643587e-03
  -2.2811970e-02   4.4109753e-03
  -1.8030899e-02   1.6373499e-02
  -1.9383546e-02   1.3178979e-02
  -1.7315267e-02   7.8682643e-03
  -5.5689079e-03   6.9598092e-03
  -2.4769732e-02   1.5775849e-02
  -1.6183594e-02   3.9241601e-03
  -3.0302887e-03   1.2592941e-02
  -9.7550823e-03   1.0951320e-02
  -5.1943453e-03   1.2504241e-02
  -2.0414328e-02   1.0914855e-02
  -1.4640000e-02   1.1873042e-02
  -2.4612453e-02   1.2386918e-02
  -5.0774972e-01   1.0341340e-02
  -5.1106963e-01   6.7449406e-03
  -5.0604974e-01   2.5492950e-02
  -4.9332761e-01   5.4613216e-02
  -4.9113399e-01   8.0938649e-02
  -5.0955233e-01   1.2137670e-01
  -5.0492875e-01   1.6286989e-01
  -5.0388404e-01   2.0911604e-01
  -5.0805869e-01   2.5715083e-01
  -4.9317351e-01   3.0207306e-01
  -4.9765244e-01   3.4659401e-01
  -5.1146412e-01   3.8621725e-01
  -5.1391168e-01   4.1227288e-01
  -5.0239761e-01   4.4771102e-01
  -5.1156039e-01   4.8449564e-01
  -5.0703327e-01   5.1734605e-01
  -5.1050700e-01   5.3906308e-01
  -5.0871007e-01   5.6985640e-01
  -4.9357403e-01   5.8955117e-01
  -4.9655930e-01   6.1139334e-01
  -4.9457118e-01   6.3010764e-01
  -4.9690557e-01   6.4265718e-01
  -5.0821524e-01   6.6101552e-01
  -4.9528263e-01   6.7754383e-01
  -5.0741303e-01   6.8116738e-01
  -4.9111546e-01   6.9622435e-01
  -4.9931100e-01   7.0842675e-01
  -4.9179431e-01   7.1799661e-01
  -4.9492061e-01   7.2104530e-01
  -4.9225621e-01   7.2693603e-01
  -5.0697938e-01   7.3442266e-01
  -4.9183507e-01   7.4850741e-01
  -5.0997551e-01   7.4578478e-01
  -5.0033938e-01   7.5841667e-01
  -5.1147431e-01   7.6118918e-01
  -4.9733623e-01   7.6158598e-01
  -5.0259686e-01   7.5784070e-01
  -4.9989306e-01   7.7023482e-01
  -5.1206451e-01   7.6134552e-01
  -5.0015193e-01   7.6847434e-01
  -5.0450638e-01   7.7145368e-01
  -4.9948145e-01   7.7747919e-01
  -4.9804980e-01   7.7926649e-01
  -5.0321805e-01   7.7490981e-01
  -4.9092438e-01   7.7339249e-01
  -5.1223525e-01   7.8415523e-01
  -4.9756700e-01   7.8208144e-01
  -4.9829214e-01   7.7523309e-01
  -5.0429388e-01   7.8134109e-01
  -5.0860655e-01   7.8282316e-01
  -5.0574919e-01   7.8700227e-01
  -4.9885642e-01   7.7763836e-01
  -4.9965659e-01   7.7818405e-01
  -4.9385388e-01   7.7603501e-01
  -4.9716700e-01   7.7732758e-01
  -5.1051954e-01   7.8643995e-01
  -5.1075218e-01   7.7554717e-01
  -4.9351618e-01   7.8213529e-01
  -5.1157031e-01   7.7677062e-01
  -5.1471269e-01   7.8571194e-01
  -4.9135485e-01   7.8376585e-01
  -4.9745129e-01   7.8051509e-01
  -5.0312587e-01   7.7660331e-01
  -4.9963249e-01   7.8740525e-01
  -5.0251534e-01   7.8679129e-01
  -4.9158596e-01   7.7853081e-01
  -5.0499773e-01   7.8940807e-01
  -4.9847378e-01   7.8760293e-01
  -5.0241124e-01   7.8812667e-01
   6.8304765e-01   7.7828675e-01
   6.7685451e-01   7.8923406e-01
   6.7767891e-01   7.9214209e-01
   6.8445555e-01   8.1336623e-01
   6.9885944e-01   8.3856625e-01
   6.9627932e-01   8.6007226e-01
   6.8600020e-01   8.7964853e-01
   6.9340237e-01   9.1826018e-01
   6.9310078e-01   9.3445052e-01
   6.9815124e-01   9.6472031e-01
   6.9824937e-01   9.9593555e-01
   6.8474784e-01   1.0209143e+00
   6.8403996e-01   1.0371372e+00
   6.8191584e-01   1.0589338e+00
   6.9005288e-01   1.0830888e+00
   6.8402719e-01   1.1014556e+00
   6.9835669e-01   1.1202011e+00
   6.7876948e-01   1.1396873e+00
   6.9779697e-01   1.1529405e+00
   6.8483167e-01   1.1681397e+00
   6.8608103e-01   1.1842379e+00
   6.9110268e-01   1.1914111e+00
   6.8377937e-01   1.2038940e+00
   6.9820039e-01   1.2025384e+00
   6.8651896e-01   1.2164245e+00
   6.9154322e-01   1.2201235e+00
   6.8531063e-01   1.2344512e+00
   6.8102993e-01   1.2298745e+00
   6.8010866e-01   1.2366222e+00
   6.8499550e-01   1.2378465e+00
   6.9873331e-01   1.2487930e+00
   6.7943036e-01   1.2455539e+00
   6.9881661e-01   1.2522813e+00
   6.7630494e-01   1.2596616e+00
   6.7585895e-01   1.2579921e+00
   6.8301832e-01   1.2657355e+00
   6.7523321e-01   1.2677370e+00
   6.7921886e-01   1.2641615e+00
   6.9809856e-01   1.2607985e+00
   6.7781730e-01   1.2668574e+00
   6.9621620e-01   1.2715458e+00
   6.9215569e-01   1.2677018e+00
   6.8816627e-01   1.2737951e+00
   6.8986407e-01   1.2659855e+00
   6.8982556e-01   1.2706484e+00
   6.8441852e-01   1.2734288e+00
   6.9112832e-01   1.2768987e+00
   6.8374846e-01   1.2770092e+00
   6.7966881e-01   1.2727051e+00
   6.8858335e-01   1.2742510e+00
   6.9508017e-01   1.2671815e+00
   6.9391395e-01   1.2743724e+00
   6.8958534e-01   1.2681675e+00
   6.8636277e-01   1.2746890e+00
   6.9382421e-01   1.2805109e+00
   6.8121771e-01   1.2685859e+00
   6.8178961e-01   1.2728119e+00
   6.9409887e-01   1.2757505e+00
   6.8289328e-01   1.2801166e+00
   6.9597416e-01   1.2752410e+00
   6.8034577e-01   1.2764911e+00
   6.9352870e-01   1.2808159e+00
   6.9096277e-01   1.2693823e+00
   6.9001105e-01   1.2775774e+00
   6.9862176e-01   1.2686380e+00
   6.9236603e-01   1.2688014e+00
   6.7671603e-01   1.2714063e+00
   6.9404292e-01   1.2800933e+00
   6.8273778e-01   1.2701904e+00
  -1.0541914e-01   1.2804005e+00
  -1.0498929e-01   1.2707144e+00
  -1.2472401e-01   1.2454695e+00
  -1.1476788e-01   1.2100036e+00
  -1.1829079e-01   1.1644294e+00
  -1.1739543e-01   1.0941461e+00
  -1.0453929e-01   1.0368462e+00
  -1.1009437e-01   9.7189872e-01
  -1.1498102e-01   9.0059550e-01
  -1.1882685e-01   8.3763600e-01
  -1.1077720e-01   7.7113833e-01
  -1.1284310e-01   7.1216669e-01
  -1.1432125e-01   6.5366229e-01
  -1.0719943e-01   5.9979881e-01
  -1.0442396e-01   5.4898989e-01
  -1.1112582e-01   5.1246740e-01
  -1.1444077e-01   4.7317865e-01
  -1.2027255e-01   4.3298332e-01
  -1.2583141e-01   3.8944862e-01
  -1.0650139e-01   3.5817930e-01
  -1.1574196e-01   3.3242874e-01
  -1.0995306e-01   3.0906995e-01
  -1.1564160e-01   2.8291978e-01
  -1.1275570e-01   2.6250372e-01
  -1.1876982e-01   2.5108896e-01
  -1.1993178e-01   2.2972727e-01
  -1.2300110e-01   2.0965729e-01
  -1.1815384e-01   2.0957216e-01
  -1.1385527e-01   1.8978470e-01
  -1.1835263e-01   1.7714147e-01
  -1.2537231e-01   1.6867842e-01
  -1.1503748e-01   1.6237829e-01
  -1.0718663e-01   1.5375311e-01
  -1.0706707e-01   1.4781314e-01
  -1.0654002e-01   1.4033472e-01
  -1.2651667e-01   1.4174976e-01
  -1.1656561e-01   1.3579783e-01
  -1.1179654e-01   1.2591718e-01
  -1.0648220e-01   1.2252617e-01
  -1.1078533e-01   1.2688814e-01
  -1.0692744e-01   1.2277727e-01
  -1.1246446e-01   1.2079773e-01
  -1.1336888e-01   1.1834430e-01
  -1.1962203e-01   1.2119278e-01
  -1.1544995e-01   1.2014388e-01
  -1.2515652e-01   1.1689833e-01
  -1.0591977e-01   1.1637132e-01
  -1.2486090e-01   1.0418149e-01
  -1.0341087e-01   1.1058800e-01
  -1.0733573e-01   1.0656374e-01
  -1.2250897e-01   1.1151661e-01
  -1.2078061e-01   1.1058815e-01
  -1.1568672e-01   1.0134685e-01
  -1.2320076e-01   1.1147727e-01
  -1.0815275e-01   1.1046321e-01
  -1.2578042e-01   1.0557377e-01
  -1.1658954e-01   1.0679047e-01
  -1.1827973e-01   1.0751008e-01
  -1.2255015e-01   1.0376528e-01
  -1.2149990e-01   1.1002511e-01
  -1.1324270e-01   1.0547606e-01
  -1.1461037e-01   1.0359502e-01
  -1.0932084e-01   9.8319533e-02
  -1.1240157e-01   1.0762831e-01
  -1.0935666e-01   9.9071767e-02
  -1.1800638e-01   1.0089826e-01
  -1.2468117e-01   1.1012981e-01
  -1.1185458e-01   1.0515872e-01
  -1.0349683e-01   1.0463095e-01
  -4.4741569e-01   1.0682387e-01
  -4.4554530e-01   1.0511197e-01
  -4.6483703e-01   1.2154237e-01
  -4.6505408e-01   1.2801794e-01
  -4.5305603e-01   1.6407088e-01
  -4.4846456e-01   1.9324676e-01
  -4.6439248e-01   2.2661168e-01
  -4.5407970e-01   2.4714723e-01
  -4.4965515e-01   2.8670319e-01
  -4.4815573e-01   3.1678980e-01
  -4.6047559e-01   3.4907289e-01
  -4.5452201e-01   3.8271304e-01
  -4.5292055e-01   4.0068647e-01
  -4.4659820e-01   4.3520403e-01
  -4.5910403e-01   4.5147794e-01
  -4.6774452e-01   4.8295102e-01
  -4.4835053e-01   5.0025195e-01
  -4.5532466e-01   5.1488237e-01
  -4.5934056e-01   5.3162379e-01
  -4.6586588e-01   5.4296626e-01
  -4.5014881e-01   5.6684306e-01
  -4.4511136e-01   5.7006874e-01
  -4.4649493e-01   5.8625648e-01
  -4.6107445e-01   5.9200612e-01
  -4.5287604e-01   6.1178468e-01
  -4.6189455e-01   6.1001281e-01
  -4.6504891e-01   6.2309146e-01
  -4.5205098e-01   6.2350593e-01
  -4.5325605e-01   6.3277758e-01
  -4.5080939e-01   6.4088361e-01
  -4.5712459e-01   6.4211640e-01
  -4.5923515e-01   6.4998455e-01
  -4.5113547e-01   6.5579215e-01
  -4.6430070e-01   6.5135659e-01
  -4.4589823e-01   6.5387375e-01
  -4.6738825e-01   6.5456089e-01
  -4.4953554e-01   6.5598473e-01
  -4.5012465e-01   6.5656853e-01
  -4.5546077e-01   6.6931949e-01
  -4.5835032e-01   6.6354972e-01
  -4.6259178e-01   6.6828641e-01
  -4.4861904e-01   6.6143469e-01
  -4.5605248e-01   6.7388142e-01
  -4.6630042e-01   6.6977403e-01
  -4.6161875e-01   6.7121747e-01
  -4.6217925e-01   6.7003586e-01
  -4.6226433e-01   6.6638470e-01
  -4.5963081e-01   6.6600448e-01
  -4.5427714e-01   6.6621321e-01
  -4.5605296e-01   6.6885375e-01
  -4.4629913e-01   6.7064268e-01
  -4.6435024e-01   6.7669451e-01
  -4.5281061e-01   6.7648483e-01
  -4.6191399e-01   6.7076314e-01
  -4.4947210e-01   6.6939246e-01
  -4.6121908e-01   6.7329577e-01
  -4.6130054e-01   6.7830094e-01
  -4.4433266e-01   6.7550087e-01
  -4.5777734e-01   6.7460507e-01
  -4.4762368e-01   6.7142283e-01
  -4.4429501e-01   6.8203865e-01
  -4.4561389e-01   6.7988610e-01
  -4.5294537e-01   6.6900888e-01
  -4.4522485e-01   6.7549122e-01
  -4.5263363e-01   6.7666933e-01
  -4.6528910e-01   6.7057501e-01
  -4.4577263e-01   6.8019292e-01
  -4.5818564e-01   6.7506237e-01
  -4.6490330e-01   6.7441162e-01
  -4.8800227e-01   6.8180600e-01
  -5.1054114e-01   6.8215218e-01
  -4.9208683e-01   6.7166007e-01
  -5.0813021e-01   6.7589281e-01
  -5.0790647e-01   6.8214483e-01
  -5.0567262e-01   6.8668517e-01
  -4.9014722e-01   6.9374536e-01
  -4.9517372e-01   7.0907319e-01
  -4.9633583e-01   7.0206133e-01
  -4.9238083e-01   7.1151649e-01
  -4.9860024e-01   7.1709031e-01
  -5.0956339e-01   7.2253204e-01
  -4.9646305e-01   7.2786124e-01
  -4.8969901e-01   7.2986093e-01
  -4.9773436e-01   7.3823807e-01
  -4.8914252e-01   7.4163743e-01
  -5.0020456e-01   7.5138836e-01
  -4.9550408e-01   7.4547391e-01
  -4.9719597e-01   7.5432685e-01
  -5.0077582e-01   7.4696517e-01
  -4.9828195e-01   7.6153062e-01
  -4.9661175e-01   7.5548155e-01
  -5.0717962e-01   7.6505402e-01
  -5.0080769e-01   7.6022157e-01
  -4.9117955e-01   7.5792917e-01
  -4.9726507e-01   7.7009333e-01
  -4.9541955e-01   7.6002457e-01
  -4.9296869e-01   7.6873968e-01
  -4.9301373e-01   7.6391265e-01
  -4.9374634e-01   7.7075525e-01
  -5.0064286e-01   7.6728431e-01
  -4.8874333e-01   7.7038212e-01
  -5.0754506e-01   7.7064872e-01
  -5.0544985e-01   7.6940399e-01
  -4.9694779e-01   7.7210172e-01
  -5.0276120e-01   7.7693318e-01
  -5.0714153e-01   7.6969559e-01
  -5.0304203e-01   7.6679309e-01
  -5.0866548e-01   7.6864487e-01
  -4.9285059e-01   7.7413722e-01
  -5.0075797e-01   7.7026516e-01
  -4.9488435e-01   7.6798505e-01
  -5.0890864e-01   7.7952068e-01
  -5.1044965e-01   7.7609636e-01
  -4.9104114e-01   7.7474162e-01
  -5.1143228e-01   7.7119825e-01
  -4.9467444e-01   7.7124959e-01
  -5.1062004e-01   7.7672227e-01
  -4.9852175e-01   7.7152557e-01
  -5.0453333e-01   7.6868238e-01
  -4.9425356e-01   7.7356782e-01
  -5.0621038e-01   7.7683661e-01
  -5.0843993e-01   7.7788937e-01
  -4.9563807e-01   7.7894733e-01
  -4.9566918e-01   7.7577290e-01
  -4.9117500e-01   7.7541210e-01
  -5.0437989e-01   7.7720446e-01
  -5.0701990e-01   7.7980007e-01
  -5.0263604e-01   7.7066085e-01
  -5.0724712e-01   7.7426934e-01
  -4.9656925e-01   7.7676440e-01
  -4.9007007e-01   7.8228052e-01
  -4.9815450e-01   7.8244922e-01
  -4.9951409e-01   7.8242754e-01
  -4.8873451e-01   7.8014058e-01
  -5.0634786e-01   7.7996400e-01
  -5.0763227e-01   7.8021994e-01
  -5.0803814e-01   7.7845186e-01
  -4.9509146e-01   7.7539012e-01
  -6.5725623e-01   7.7743054e-01
  -6.5102580e-01   7.7588024e-01
  -6.6203420e-01   7.8777671e-01
  -6.4280048e-01   8.0458515e-01
  -6.5350441e-01   8.1905975e-01
  -6.4984409e-01   8.3363697e-01
  -6.5582427e-01   8.5840328e-01
  -6.5808926e-01   8.8540582e-01
  -6.5099712e-01   9.0469013e-01
  -6.5648857e-01   9.3073753e-01
  -6.4528837e-01   9.5135559e-01
  -6.5377410e-01   9.7168076e-01
  -6.4789348e-01   9.9108113e-01
  -6.6164482e-01   1.0092160e+00
  -6.4097667e-01   1.0288164e+00
  -6.6386096e-01   1.0476321e+00
  -6.6192204e-01   1.0611033e+00
  -6.4271447e-01   1.0665988e+00
  -6.5507323e-01   1.0825404e+00
  -6.4334369e-01   1.0953500e+00
  -6.5483361e-01   1.1065862e+00
  -6.4863332e-01   1.1149847e+00
  -6.5912143e-01   1.1203340e+00
  -6.6035347e-01   1.1222169e+00
  -6.4393048e-01   1.1356239e+00
  -6.4260323e-01   1.1396495e+00
  -6.4222032e-01   1.1464915e+00
  -6.4846042e-01   1.1491687e+00
  -6.6307015e-01   1.1571920e+00
  -6.5570752e-01   1.1542248e+00
  -6.4123264e-01   1.1680572e+00
  -6.4225517e-01   1.1592024e+00
  -6.4503478e-01   1.1640104e+00
  -6.4475474e-01   1.1739615e+00
  -6.4882909e-01   1.1671483e+00
  -6.5500088e-01   1.1731436e+00
  -6.6185051e-01   1.1742799e+00
  -6.4259449e-01   1.1711044e+00
  -6.5059403e-01   1.1801599e+00
  -6.5737952e-01   1.1747834e+00
  -6.5203231e-01   1.1797212e+00
  -6.4364369e-01   1.1735917e+00
  -6.4397261e-01   1.1854602e+00
  -6.5732463e-01   1.1758914e+00
  -6.5901113e-01   1.1752568e+00
  -6.5596939e-01   1.1815375e+00
  -6.4257354e-01   1.1797863e+00
  -6.5218140e-01   1.1770996e+00
  -6.4422543e-01   1.1770522e+00
  -6.6361915e-01   1.1781974e+00
  -6.4865007e-01   1.1878136e+00
  -6.4557240e-01   1.1884665e+00
  -6.5927982e-01   1.1857758e+00
  -6.5594889e-01   1.1812361e+00
  -6.6136678e-01   1.1885058e+00
  -6.4663009e-01   1.1877460e+00
  -6.4394349e-01   1.1874377e+00
  -6.6280277e-01   1.1817783e+00
  -6.5070929e-01   1.1902248e+00
  -6.5157124e-01   1.1841675e+00
  -6.4386836e-01   1.1845457e+00
  -6.5648949e-01   1.1888828e+00
  -6.4497035e-01   1.1799665e+00
  -6.6400231e-01   1.1780567e+00
  -6.4719072e-01   1.1885558e+00
  -6.5179365e-01   1.1868809e+00
  -6.5958945e-01   1.1845808e+00
  -6.5899380e-01   1.1867593e+00
  -6.4117579e-01   1.1838938e+00
   3.8580287e-01   1.1834857e+00
   3.8332807e-01   1.1803314e+00
   3.8594031e-01   1.1640035e+00
   3.7099817e-01   1.1284856e+00
   3.7972974e-01   1.0774625e+00
   3.7796700e-01   1.0234165e+00
   3.6319073e-01   9.7673395e-01
   3.7764371e-01   9.1265557e-01
   3.7566075e-01   8.4875780e-01
   3.6878875e-01   8.0026554e-01
   3.6827824e-01   7.4206761e-01
   3.7119475e-01   6.8816754e-01
   3.7265526e-01   6.4338535e-01
   3.6939673e-01   5.9416349e-01
   3.6936859e-01   5.5690610e-01
   3.8511155e-01   5.1256207e-01
   3.7422653e-01   4.7631524e-01
   3.7382760e-01   4.4639503e-01
   3.6407477e-01   4.1126445e-01
   3.6751739e-01   3.8130013e-01
   3.7830499e-01   3.6406488e-01
   3.7917818e-01   3.3856764e-01
   3.7217870e-01   3.1200461e-01
   3.8066168e-01   3.0553993e-01
   3.8495642e-01   2.8128919e-01
   3.6361011e-01   2.6154893e-01
   3.7055298e-01   2.5416588e-01
   3.6861598e-01   2.3817972e-01
   3.6743448e-01   2.3147670e-01
   3.6282508e-01   2.1795889e-01
   3.7503163e-01   2.1175936e-01
   3.7600821e-01   2.1208436e-01
   3.6289334e-01   1.9817433e-01
   3.7389572e-01   1.9070410e-01
   3.6522422e-01   1.8493034e-01
   3.7346057e-01   1.8065112e-01
   3.6826923e-01   1.8486416e-01
   3.7305186e-01   1.7916041e-01
   3.7100589e-01   1.8213955e-01
   3.7920577e-01   1.7390546e-01
   3.7739598e-01   1.6865550e-01
   3.7833071e-01   1.7015373e-01
   3.6340337e-01   1.6264787e-01
   3.7038150e-01   1.6531268e-01
   3.7977739e-01   1.6672880e-01
   3.7950983e-01   1.6673227e-01
   3.6921190e-01   1.6933797e-01
   3.8337024e-01   1.5637403e-01
   3.7658779e-01   1.6692046e-01
   3.7324111e-01   1.5821477e-01
   3.7174482e-01   1.6332769e-01
   3.7232891e-01   1.5499653e-01
   3.7704064e-01   1.5591444e-01
   3.7245270e-01   1.5444069e-01
   3.8599126e-01   1.5839508e-01
   3.8522652e-01   1.6088780e-01
   3.7223712e-01   1.5972435e-01
   3.7125551e-01   1.5668752e-01
   3.6525329e-01   1.5073587e-01
   3.6611336e-01   1.6314395e-01
   3.6584579e-01   1.5960673e-01
   3.6469861e-01   1.6211330e-01
   3.6787380e-01   1.5966878e-01
   3.6502035e-01   1.5748189e-01
   3.7692598e-01   1.5463560e-01
   3.7305931e-01   1.6240147e-01
   3.7545364e-01   1.5962870e-01
   3.7508401e-01   1.5441753e-01
   3.8238177e-01   1.5853002e-01
   3.5188650e-01   1.5924086e-01
   3.6855134e-01   1.4891589e-01
   3.7001868e-01   1.5139372e-01
   3.5626463e-01   1.5735558e-01
   3.7003631e-01   1.5144218e-01
   3.5098423e-01   1.4611344e-01
   3.5329538e-01   1.5258945e-01
   3.5590404e-01   1.4375162e-01
   3.7100521e-01   1.4940783e-01
   3.7034304e-01   1.5132712e-01
   3.5994960e-01   1.4487072e-01
   3.6241807e-01   1.4216836e-01
   3.5616030e-01   1.4704119e-01
   3.7082949e-01   1.4023862e-01
   3.6202598e-01   1.4831048e-01
   3.5547368e-01   1.4063705e-01
   3.5915137e-01   1.3676301e-01
   3.6551194e-01   1.4138623e-01
   3.6134098e-01   1.3773908e-01
   3.6016550e-01   1.4535987e-01
   3.7247194e-01   1.4036902e-01
   3.5849511e-01   1.3219773e-01
   3.7483838e-01   1.3793364e-01
   3.6017994e-01   1.3276388e-01
   3.5533516e-01   1.3059417e-01
   3.6944077e-01   1.3803427e-01
   3.6436416e-01   1.3092614e-01
   3.6577766e-01   1.3854496e-01
   3.6832813e-01   1.3829710e-01
   3.6500459e-01   1.3787923e-01
   3.5548571e-01   1.3713853e-01
   3.6738056e-01   1.3425310e-01
   3.6879112e-01   1.3435033e-01
   3.6356328e-01   1.4198468e-01
   3.5111578e-01   1.3011812e-01
   3.6444072e-01   1.3089554e-01
   3.7279399e-01   1.3313526e-01
   3.6512243e-01   1.4106047e-01
   3.5796549e-01   1.3536088e-01
   3.5459271e-01   1.2878066e-01
   3.7014033e-01   1.3341785e-01
   3.5787493e-01   1.3081588e-01
   3.6056418e-01   1.3636272e-01
   3.7225551e-01   1.2963395e-01
   3.6890613e-01   1.2912977e-01
   3.6576170e-01   1.3364715e-01
   3.6580592e-01   1.3935519e-01
   3.7406842e-01   1.2810299e-01
   3.5813775e-01   1.3580353e-01
   3.6029591e-01   1.3262188e-01
   3.5518791e-01   1.3527152e-01
   3.5111562e-01   1.3081557e-01
   3.5481339e-01   1.3974409e-01
   3.7249342e-01   1.2905725e-01
   3.6474962e-01   1.4069903e-01
   3.6344055e-01   1.3111356e-01
   3.5162615e-01   1.3660126e-01
   3.7209729e-01   1.3471104e-01
   3.5835004e-01   1.3204739e-01
   3.5541079e-01   1.3209709e-01
   3.5792304e-01   1.4041586e-01
   3.5898554e-01   1.2909873e-01
   3.6343059e-01   1.3440818e-01
   3.6129371e-01   1.3483692e-01
   3.6560242e-01   1.3266453e-01
   3.7307381e-01   1.2941961e-01
   3.5820546e-01   1.4122826e-01
   3.5182427e-01   1.2892313e-01
   3.7476749e-01   1.3350341e-01
  -3.0668693e-01   1.3156964e-01
  -2.9698519e-01   1.3370469e-01
  -2.9721195e-01   1.4445984e-01
  -3.0078517e-01   1.5098429e-01
  -2.9825785e-01   1.5958553e-01
  -3.1103523e-01   1.6767512e-01
  -3.1457556e-01   1.8127922e-01
  -3.1241225e-01   2.0442465e-01
  -3.1350992e-01   2.1544249e-01
  -2.9689134e-01   2.3124479e-01
  -2.9702608e-01   2.3612281e-01
  -2.9666130e-01   2.5297035e-01
  -2.9602830e-01   2.5773601e-01
  -3.0256025e-01   2.7059590e-01
  -3.0725998e-01   2.8536687e-01
  -3.0055890e-01   2.9035358e-01
  -2.9626456e-01   2.9676080e-01
  -3.1148189e-01   3.0948226e-01
  -3.1596822e-01   3.1650628e-01
  -3.1462463e-01   3.2065327e-01
  -3.0750541e-01   3.2340094e-01
  -3.0423404e-01   3.3628544e-01
  -2.9527979e-01   3.3257112e-01
  -3.1492705e-01   3.4143951e-01
  -2.9756979e-01   3.5272537e-01
  -3.0251690e-01   3.5093721e-01
  -3.1083935e-01   3.5455528e-01
  -3.1036865e-01   3.6130178e-01
  -3.1612617e-01   3.5956109e-01
  -3.0923117e-01   3.6253206e-01
  -3.1053648e-01   3.6128443e-01
  -3.0030052e-01   3.6413707e-01
  -2.9745919e-01   3.6788076e-01
  -3.1125913e-01   3.6936596e-01
  -2.9352282e-01   3.6320741e-01
  -3.0375136e-01   3.6757481e-01
  -3.1107368e-01   3.7029885e-01
  -3.0533098e-01   3.6935651e-01
  -2.9573167e-01   3.6772556e-01
  -3.1221194e-01   3.7337603e-01
  -2.9368064e-01   3.6714509e-01
  -3.1545797e-01   3.7661468e-01
  -3.0244997e-01   3.7922237e-01
  -3.1071837e-01   3.7165084e-01
  -3.1700384e-01   3.7750990e-01
  -2.9930672e-01   3.7234759e-01
  -2.9733500e-01   3.7071991e-01
  -3.0654010e-01   3.8133233e-01
  -3.1077574e-01   3.7956028e-01
  -2.9719260e-01   3.7838080e-01
  -3.0161225e-01   3.7901419e-01
  -3.1239310e-01   3.6917166e-01
  -2.9855402e-01   3.7695509e-01
  -2.9569854e-01   3.8180514e-01
  -2.9984857e-01   3.7276611e-01
  -3.0627377e-01   3.7015183e-01
  -2.9541898e-01   3.7222620e-01
  -3.0065958e-01   3.7228469e-01
  -2.9917439e-01   3.7546809e-01
  -3.0395448e-01   3.7864180e-01
  -2.9525521e-01   3.8026093e-01
  -2.9355751e-01   3.8274228e-01
  -3.1486482e-01   3.7540293e-01
  -3.0872706e-01   3.8014304e-01
  -2.9991014e-01   3.7784322e-01
  -3.0311321e-01   3.7844199e-01
  -3.0625597e-01   3.6988545e-01
  -2.9756041e-01   3.7483436e-01
  -3.0091850e-01   3.7378780e-01
   6.9151305e-01   3.7448976e-01
   6.9642595e-01   3.7899802e-01
   7.0760855e-01   3.9517232e-01
   7.0533926e-01   4.2965783e-01
   6.9399364e-01   4.6680407e-01
   7.0630736e-01   5.2561701e-01
   6.9683870e-01   5.7107361e-01
   6.8558252e-01   6.3000045e-01
   7.0096461e-01   6.7687970e-01
   7.0132939e-01   7.3026804e-01
   7.0398013e-01   7.8668626e-01
   6.9306542e-01   8.3408983e-01
   7.0445941e-01   8.8039695e-01
   6.9042678e-01   9.2145018e-01
   7.0602459e-01   9.5925993e-01
   6.9574965e-01   1.0023503e+00
   7.0372990e-01   1.0360019e+00
   7.0392615e-01   1.0643614e+00
   6.9249355e-01   1.0890744e+00
   6.9974929e-01   1.1162336e+00
   6.9574757e-01   1.1443650e+00
   6.8906690e-01   1.1588230e+00
   6.9438606e-01   1.1860937e+00
   7.0196376e-01   1.1990829e+00
   6.8651112e-01   1.2175138e+00
   7.0771727e-01   1.2225077e+00
   6.9059500e-01   1.2434681e+00
   7.0196764e-01   1.2477781e+00
   6.9425471e-01   1.2517907e+00
   6.9192638e-01   1.2681389e+00
   6.9345748e-01   1.2678008e+00
   6.8631547e-01   1.2819087e+00
   7.0160085e-01   1.2857010e+00
   6.9655134e-01   1.2948190e+00
   7.0813002e-01   1.2942405e+00
   6.8718765e-01   1.2958229e+00
   6.8998283e-01   1.2977172e+00
   6.9827453e-01   1.3132526e+00
   6.9797086e-01   1.3158858e+00
   6.9074162e-01   1.3087987e+00
   6.9669988e-01   1.3077129e+00
   6.9042922e-01   1.3196807e+00
   6.9583086e-01   1.3236745e+00
   6.9049381e-01   1.3141310e+00
   6.9646677e-01   1.3146906e+00
   7.0522008e-01   1.3249428e+00
   7.0660951e-01   1.3289533e+00
   7.0388167e-01   1.3251332e+00
   7.0187762e-01   1.3231141e+00
   7.0250346e-01   1.3299057e+00
   7.0476822e-01   1.3217045e+00
   7.0055376e-01   1.3284790e+00
   6.9606949e-01   1.3264512e+00
   6.9938517e-01   1.3320955e+00
   7.0410984e-01   1.3299313e+00
   6.9465183e-01   1.3234996e+00
   7.0670223e-01   1.3221674e+00
  -2.1813079e-01   1.3236939e+00
