  -8.5589121e-01   1.8583124e+00
  -3.1859840e-01   4.5521784e-01
  -1.5518803e-01   2.5303497e-01
  -3.0391058e-01   2.9899263e-01
  -6.6760323e-01   1.2680241e+00
   5.8269007e-01   7.3296079e-01
   3.4178769e-03  -8.2261697e-02
  -6.4221163e-01   1.1420315e+00
  -3.6586273e-01   4.8489331e-01
   8.3339231e-01   2.3883820e+00
   5.8783825e-02  -6.0074514e-02
   5.7782463e-01   7.1705591e-01
   3.8573800e-01   2.3403917e-01
  -7.0409362e-01   1.2853306e+00
   3.6904910e-01   3.7382061e-02
  -8.5159152e-01   1.7910086e+00
   2.0029399e-01   6.9541762e-02
   8.3881862e-01   2.3584471e+00
   3.1870113e-01   9.4802410e-02
  -9.5063438e-01   2.4328687e+00
  -6.0321816e-01   9.5055176e-01
  -3.8319715e-01   5.2383788e-01
  -3.3742548e-01   5.1645937e-01
  -3.7825471e-01   5.2325472e-01
   2.7584654e-01   4.2781600e-02
   4.8183552e-02   6.8377125e-02
   4.5106529e-01   3.8246152e-01
  -9.0629826e-01   2.2296420e+00
   9.1613817e-01   3.0756137e+00
   3.1777515e-01   7.8949870e-02
  -7.5119798e-02  -2.9869868e-02
  -6.8097833e-01   1.1918700e+00
  -5.0604917e-01   7.7796037e-01
   7.7231001e-01   1.7942895e+00
  -4.7670615e-01   6.3194525e-01
   3.8443016e-01   8.7031213e-02
  -3.1496990e-01   4.4464078e-01
  -9.3146066e-01   2.1781680e+00
  -4.8963769e-02   2.5408381e-02
   1.9571217e-01  -8.4412876e-03
  -9.0265524e-01   2.1612812e+00
   8.8943416e-01   2.8778902e+00
   6.1224369e-01   9.6557022e-01
   9.9439092e-01   3.9865135e+00
  -8.7815693e-02   1.3350109e-01
  -4.8403010e-01   8.0087831e-01
   3.7572881e-01   2.1373277e-01
  -7.8216699e-01   1.6557785e+00
   3.4621879e-01   1.6900281e-01
   8.9943987e-01   2.8156563e+00
  -4.8297119e-01   8.0707822e-01
   4.7629475e-01   4.1045867e-01
  -4.1674956e-01   5.5156996e-01
   6.6577842e-01   1.1494410e+00
  -3.8232620e-01   5.6145037e-01
   8.0326473e-02   6.3528605e-02
   4.0150307e-01   9.9238651e-02
   1.3759186e-01  -8.9949291e-02
   5.8975572e-01   7.5884217e-01
   6.8281398e-02  -1.4394888e-02
  -7.3025049e-01   1.4603898e+00
  -6.7293886e-01   1.3295131e+00
   9.3528307e-01   3.2807766e+00
   1.4150443e-01  -1.1269660e-01
   9.6622334e-01   3.6178466e+00
  -1.2114369e-01   8.6333804e-02
   1.7664340e-01  -8.9552337e-03
   9.7258530e-01   3.7135575e+00
   3.1551512e-01   9.6265834e-03
  -2.3565768e-02   8.4672339e-02
  -7.3212352e-02   1.3484526e-02
  -9.4713497e-01   2.2559511e+00
   9.7430174e-01   3.8015022e+00
  -9.6908716e-01   2.4120078e+00
   1.2271260e-01  -1.0658479e-01
  -8.9739866e-01   2.1408319e+00
  -7.1853476e-01   1.4267296e+00
  -2.1949738e-01   1.7715509e-01
  -5.6409986e-01   9.6109308e-01
  -2.2308440e-02  -1.9796526e-02
  -5.4909137e-01   8.6089683e-01
  -7.1093476e-01   1.4586992e+00
  -4.2312792e-01   5.1970302e-01
  -3.7761210e-01   6.1492712e-01
  -5.7176536e-02   1.3577240e-01
  -6.3296980e-01   1.0440336e+00
  -8.6971704e-01   2.0426814e+00
   6.4514778e-01   1.1249679e+00
   1.7794985e-01   3.6756164e-02
  -9.2846076e-01   2.1869911e+00
   2.2682993e-01  -5.1182899e-02
   6.5008502e-01   1.1691456e+00
  -5.5863303e-01   9.2104334e-01
  -9.1039713e-01   2.1353132e+00
   8.0191303e-02   4.6190251e-02
  -1.0198337e-01   1.0194120e-01
   5.7443931e-01   8.0442140e-01
   6.7733855e-02  -5.4662689e-03
  -2.1473271e-02   3.4033682e-02
   5.9741218e-01   8.0754429e-01
   9.7071777e-01   3.5788633e+00
  -3.0428791e-01   4.6332820e-01
   5.7697434e-02  -3.4972793e-02
   3.5962330e-01   1.1702503e-01
   2.3274235e-01   8.3489244e-02
   9.8891418e-01   3.8228844e+00
  -8.1013372e-01   1.6942264e+00
   1.2858336e-01   3.8131619e-02
  -8.6372187e-01   1.8656875e+00
  -1.1457044e-01   1.9145957e-01
  -6.6712583e-01   1.2382099e+00
  -3.5256720e-01   5.4616572e-01
  -5.6405686e-01   9.2365004e-01
   3.6745557e-01   1.7896646e-01
  -7.1546597e-01   1.3735472e+00
   2.9876897e-01   5.6466240e-02
   6.5233289e-01   1.0426190e+00
  -8.2213254e-01   1.7675955e+00
  -5.5366532e-01   9.7873493e-01
  -9.9392328e-01   2.6617511e+00
   1.7059770e-01  -8.8733112e-02
  -6.6686893e-01   1.2437869e+00
   3.1395013e-01   1.3051216e-01
   6.5794423e-03   9.4754071e-02
   4.2432765e-01   3.0975409e-01
   7.0726174e-01   1.3464127e+00
   3.3482175e-01   1.5205657e-01
   8.8564392e-01   2.8448061e+00
   7.7972730e-01   1.9804283e+00
   9.6940804e-01   3.6287644e+00
  -2.4171310e-01   3.7864741e-01
  -6.0161470e-03  -5.2067082e-02
  -6.3250421e-01   1.1480602e+00
  -7.7372337e-01   1.6228244e+00
   9.8276277e-01   3.7920946e+00
  -9.9947576e-01   2.6762818e+00
  -7.7040298e-01   1.6109802e+00
  -2.9702313e-01   3.9863254e-01
   9.9755695e-01   4.0011679e+00
  -8.3045215e-01   1.8244470e+00
   6.3953998e-02  -1.1825987e-01
  -2.5079348e-02   5.7646265e-02
  -8.2690551e-01   1.8017006e+00
  -6.9253928e-01   1.4071766e+00
  -1.1184055e-01   1.3765328e-01
   7.7893327e-01   1.7934393e+00
   4.8211426e-01   3.3968807e-01
   3.8490485e-01   1.1671200e-01
   9.0622814e-01   2.9211532e+00
  -9.5391874e-01   2.3872862e+00
  -6.6693393e-01   1.2849863e+00
  -9.1469892e-01   2.2709557e+00
   7.4964432e-01   1.6501669e+00
   9.8633491e-01   3.8211588e+00
   7.6068768e-01   1.7541464e+00
   2.0388652e-01  -1.1840912e-01
  -1.5150655e-01   4.8882062e-02
  -8.2533694e-01   1.8669247e+00
   9.2249306e-01   3.1983031e+00
   9.8167565e-01   3.8393693e+00
  -7.5081724e-01   1.5034749e+00
   1.9183476e-01  -3.6154292e-02
   7.3496658e-01   1.6753770e+00
   1.6024052e-01   5.9490964e-02
  -9.4001735e-01   2.3688141e+00
   2.3211041e-01  -8.1521616e-02
   3.7277648e-01   1.6611748e-01
   3.0826907e-01  -9.0875031e-04
  -1.8633751e-01   1.9453939e-01
  -8.2002159e-01   1.6793262e+00
  -3.3078619e-01   5.3000100e-01
  -6.8376296e-01   1.3558057e+00
  -7.9329735e-01   1.7436779e+00
  -6.8090515e-01   1.2124881e+00
   3.1690727e-01   2.2650934e-02
  -6.7042349e-01   1.1578045e+00
   4.5751512e-01   2.5176938e-01
   9.1578537e-01   3.0345856e+00
  -6.7573133e-01   1.3177405e+00
  -3.4398483e-01   4.7917252e-01
  -6.6862090e-01   1.2435449e+00
  -8.6662701e-03  -8.8215046e-02
   3.1357031e-01   9.0763806e-02
  -4.4960642e-01   6.5432326e-01
   3.1733156e-01   1.2976743e-01
  -7.3928094e-01   1.4739151e+00
  -6.9153742e-01   1.3406753e+00
   9.4394261e-01   3.3258892e+00
  -9.6341438e-01   2.4167421e+00
  -8.7315350e-01   2.0608136e+00
   2.3526564e-01  -9.8811952e-02
   8.4757010e-01   2.3475513e+00
  -9.2630658e-02   1.0827300e-01
   5.0224623e-01   5.5552757e-01
  -8.9060358e-01   1.9798744e+00
   4.1137294e-01   3.1878301e-01
   3.2722024e-01   1.2899080e-01
  -3.9902489e-01   5.8492653e-01
   8.5590916e-02  -1.0189441e-02
   6.8391699e-01   1.2574672e+00
